[?25l[0m[38;2;231;231;231;48;2;81;82;84m🬦[38;2;225;226;226;48;2;61;62;64m🬓[38;2;185;185;186;48;2;22;23;25m🬦[38;2;61;61;63;48;2;218;218;218m🬂[38;2;27;27;29;48;2;17;18;20m🬃[38;2;56;57;58;48;2;216;217;217m🬂[38;2;183;184;185;48;2;17;18;21m🬓[38;2;214;214;215;48;2;38;39;42m🬦[38;2;56;56;59;48;2;194;193;194m🬂[38;2;97;97;98;48;2;13;14;16m🬦[38;2;54;55;56;48;2;228;228;228m🬂[38;2;110;110;111;48;2;13;13;15m🬓[38;2;60;60;62;48;2;196;196;196m🬂[38;2;221;222;221;48;2;41;42;43m🬓[38;2;199;199;199;48;2;22;23;25m🬦[38;2;67;67;69;48;2;217;217;217m🬂[38;2;73;73;76;48;2;25;26;28m🬞[38;2;63;63;65;48;2;229;229;230m🬂[38;2;134;135;135;48;2;16;17;19m🬓[38;2;59;60;62;48;2;188;188;189m🬂[38;2;222;222;222;48;2;45;45;47m🬓[38;2;198;198;199;48;2;25;26;28m🬦[38;2;64;64;66;48;2;213;213;213m🬂[48;2;24;25;26m🬞[38;2;53;53;54;48;2;226;226;227m🬂[38;2;126;127;128;48;2;12;13;16m🬓[38;2;50;51;52;48;2;188;188;189m🬂[38;2;218;219;218;48;2;42;42;44m🬓[38;2;200;200;202;48;2;25;26;28m🬦[38;2;62;63;64;48;2;208;208;208m🬂[38;2;77;78;79;48;2;27;27;29m🬇[38;2;58;59;61;48;2;227;228;229m🬂[38;2;144;145;147;48;2;15;15;17m🬓[38;2;231;231;230;48;2;75;75;77m🬦[38;2;230;230;229;48;2;68;68;70m🬓[38;2;119;119;121;48;2;15;15;17m🬦[38;2;64;64;66;48;2;228;228;228m🬂[38;2;82;82;83;48;2;22;23;25m🬏[38;2;56;56;58;48;2;186;187;187m🬂[38;2;224;224;224;48;2;49;50;52m🬓[38;2;142;142;144;48;2;15;16;18m🬦[38;2;60;61;62;48;2;227;227;227m🬂[38;2;66;66;67;48;2;18;20;22m🬏[38;2;233;233;233;48;2;92;94;96m🬦[38;2;224;225;224;48;2;53;53;55m🬓[38;2;145;145;147;48;2;15;16;18m🬦[38;2;63;63;65;48;2;228;229;229m🬂[38;2;65;67;68;48;2;19;20;22m🬏[38;2;61;62;64;48;2;190;190;191m🬂[38;2;221;221;220;48;2;44;46;49m🬓[38;2;149;150;151;48;2;14;16;20m🬦[38;2;58;59;61;48;2;225;225;225m🬂[38;2;62;63;65;48;2;17;18;20m🬏[38;2;233;233;232;48;2;93;94;95m🬦[38;2;223;223;222;48;2;48;49;50m🬓[38;2;146;146;148;48;2;15;16;18m🬦[38;2;62;62;64;48;2;227;228;228m🬂[48;2;18;19;20m🬏[38;2;58;59;61;48;2;188;189;189m🬂[38;2;222;223;222;48;2;44;46;48m🬓[38;2;139;139;141;48;2;13;16;18m🬦[38;2;60;61;64;48;2;227;227;228m🬂[38;2;69;70;72;48;2;18;20;22m🬏[38;2;230;230;229;48;2;89;90;91m🬦[38;2;226;226;226;48;2;56;57;58m🬓[38;2;126;126;126;48;2;14;15;17m🬦[38;2;64;64;66;48;2;229;229;228m🬂[38;2;78;79;80;48;2;21;21;23m🬏[38;2;230;230;230;48;2;80;80;82m🬦[38;2;224;224;223;48;2;54;55;56m🬓[38;2;112;113;115;48;2;14;15;17m🬦[38;2;60;61;63;48;2;229;230;230m🬂[38;2;88;89;91;48;2;24;25;27m🬏[38;2;231;230;231;48;2;71;71;74m🬦[38;2;229;230;230;48;2;71;71;73m🬓[38;2;102;103;104;48;2;13;14;16m🬦[38;2;62;62;65;48;2;229;229;229m🬂[38;2;100;101;102;48;2;14;14;16m🬓[38;2;231;231;231;48;2;85;85;87m🬦[38;2;226;226;226;48;2;60;61;63m🬓[0m
[38;2;30;30;32;48;2;8;9;11m🬁[38;2;8;9;11;48;2;10;12;14m🬃[38;2;9;9;11;48;2;7;9;11m🬃[38;2;45;45;48;48;2;7;8;11m🬀[38;2;8;8;10;48;2;6;8;11m🬃[38;2;43;46;47;48;2;5;9;11m🬁[38;2;4;8;9m🬂[0m[38;2;5;9;12m█[38;2;39;42;42;48;2;5;9;12m🬀[38;2;5;8;10m🬁[38;2;29;31;32;48;2;8;12;14m🬁[38;2;7;8;10;48;2;7;9;12m🬁[38;2;41;43;44m🬁[38;2;8;9;11;48;2;8;10;13m🬇[48;2;7;9;11m🬁[38;2;47;47;49;48;2;8;9;12m🬀[38;2;6;9;11;48;2;7;9;13m🬑[38;2;34;36;38;48;2;8;12;14m🬁[38;2;6;9;11;48;2;6;10;13m🬆[38;2;36;36;38;48;2;7;9;12m🬁[38;2;8;9;11;48;2;9;10;14m🬃[38;2;7;8;10;48;2;7;9;12m🬉[38;2;47;48;50m🬀[38;2;6;9;13;48;2;7;8;11m🬭[38;2;36;39;41;48;2;9;12;14m🬁[38;2;5;8;12;48;2;6;9;12m🬀[38;2;36;37;38m🬁[38;2;9;9;11;48;2;9;11;13m🬃[38;2;7;8;10;48;2;6;9;12m🬂[38;2;39;40;42;48;2;5;9;11m🬀[38;2;7;8;10;48;2;6;9;11m🬄[38;2;36;37;39;48;2;8;11;14m🬁[38;2;5;9;10;48;2;6;9;12m🬁[38;2;29;32;33m🬁[38;2;6;10;11;48;2;10;13;15m🬇[38;2;7;10;11;48;2;7;9;12m🬇[38;2;30;32;33;48;2;9;12;14m🬀[38;2;6;8;10;48;2;6;9;12m🬂[38;2;34;36;39m🬁[38;2;8;9;11;48;2;9;11;13m🬃[38;2;7;8;11;48;2;6;9;11m🬀[38;2;34;36;37;48;2;7;11;13m🬀[38;2;6;10;11;48;2;5;9;11m🬇[38;2;34;36;37m🬁[38;2;6;10;13;48;2;10;12;14m🬃[38;2;9;9;11;48;2;7;9;12m🬂[38;2;35;35;38;48;2;9;11;14m🬀[38;2;5;9;10;48;2;5;9;12m🬄[38;2;34;37;39;48;2;6;9;12m🬁[38;2;6;10;11;48;2;7;11;13m🬃[38;2;6;9;13;48;2;6;9;11m🬭[38;2;35;37;38;48;2;7;10;13m🬀[38;2;5;8;10;48;2;6;9;12m🬂[38;2;33;36;38;48;2;6;9;11m🬁[38;2;8;10;12;48;2;10;11;14m🬃[38;2;6;9;12;48;2;7;9;12m🬏[38;2;36;35;38;48;2;9;10;13m🬀[38;2;8;9;11;48;2;7;9;12m🬃[38;2;33;36;38;48;2;5;9;11m🬁[38;2;5;9;10;48;2;7;11;13m🬃[38;2;6;10;11;48;2;6;9;12m🬄[38;2;33;35;36;48;2;8;11;14m🬀[38;2;6;9;12;48;2;7;8;11m🬱[38;2;32;34;34;48;2;6;9;12m🬁[38;2;5;10;11;48;2;9;12;15m🬇[38;2;7;8;10;48;2;7;9;12m🬀[38;2;30;31;32;48;2;9;12;15m🬀[38;2;5;9;11;48;2;6;9;12m🬀[38;2;29;31;35;48;2;7;9;12m🬁[38;2;8;9;11;48;2;11;11;14m🬃[38;2;8;8;12;48;2;7;9;12m🬁[38;2;30;32;35;48;2;10;13;16m🬀[38;2;5;8;10;48;2;5;9;12m🬂[38;2;5;9;10;48;2;10;13;15m🬃[38;2;6;9;11;48;2;11;13;16m🬇[38;2;8;9;11;48;2;7;9;12m🬉[38;2;8;8;10;48;2;15;17;19m🬇[38;2;7;8;10;48;2;7;9;12m🬀[38;2;34;34;36m🬁[38;2;8;9;11;48;2;11;12;14m🬃[0m
[38;2;7;9;11;48;2;8;9;11m🬏[38;2;6;9;12;48;2;6;9;13m🬀[0m[38;2;6;10;13m█[38;2;5;9;13;48;2;6;9;13m🬀[38;2;5;9;12;48;2;6;10;13m🬂[38;2;6;10;13;48;2;5;9;12m🬃[0m[38;2;6;10;13m██[38;2;116;116;118;48;2;23;26;29m🬦[38;2;196;196;197;48;2;47;49;51m🬓[38;2;169;169;170;48;2;8;11;13m🬏[38;2;250;250;251;48;2;56;58;60m🬓[38;2;193;193;193;48;2;19;22;25m🬭[38;2;199;199;200;48;2;26;28;31m🬭[38;2;57;58;61;48;2;16;18;21m🬏[38;2;6;9;12;48;2;201;202;202m🬓[38;2;176;176;177;48;2;6;8;12m▌[38;2;54;55;58;48;2;6;9;12m🬞[38;2;213;214;214;48;2;21;24;26m🬭[38;2;139;140;141;48;2;14;17;20m🬱[38;2;175;176;176;48;2;8;9;13m🬞[38;2;192;193;193;48;2;34;36;39m🬭[38;2;193;193;193;48;2;14;17;20m🬭[38;2;181;181;182;48;2;18;20;23m🬭[38;2;217;217;217;48;2;24;26;29m🬭[38;2;205;206;206;48;2;26;29;31m🬭[38;2;207;208;209;48;2;11;13;16m🬞[38;2;173;174;174;48;2;36;39;41m🬭[38;2;232;232;232;48;2;18;21;24m🬏[38;2;5;9;12;48;2;6;10;13m🬏[0m[38;2;6;10;13m█[38;2;34;37;40;48;2;7;11;14m🬞[38;2;53;55;57;48;2;197;198;198m🬆[38;2;192;193;193;48;2;58;60;62m🬱[38;2;120;121;123;48;2;15;18;21m🬏[38;2;202;202;202;48;2;18;21;24m🬭[38;2;205;205;205;48;2;30;33;35m🬭[38;2;128;128;129;48;2;5;9;12m🬏[0m[38;2;6;10;13m██[38;2;169;169;170;48;2;14;16;19m🬞[38;2;224;225;225;48;2;64;65;68m🬚[38;2;6;9;12;48;2;144;145;146m🬭[38;2;104;105;106;48;2;16;19;22m🬁[38;2;6;9;11;48;2;230;230;230m🬓[38;2;125;125;126;48;2;35;38;40m🬓[38;2;138;139;141;48;2;8;12;14m🬞[38;2;5;9;13;48;2;128;128;129m🬂[38;2;176;177;178;48;2;15;17;21m🬭[38;2;253;253;253;48;2;25;27;30m🬞[38;2;65;66;68;48;2;9;10;14m🬏[38;2;240;241;240;48;2;46;48;51m🬏[38;2;222;222;222;48;2;16;18;21m🬞[38;2;176;177;177;48;2;47;49;50m🬭[38;2;244;244;245;48;2;66;66;69m▌[38;2;227;228;228;48;2;21;23;26m🬞[38;2;176;177;177;48;2;36;38;41m🬭[38;2;203;203;204;48;2;8;11;14m🬏[38;2;6;10;13;48;2;6;9;13m🬇[0m[38;2;6;10;13m█[38;2;60;62;64;48;2;5;9;12m🬞[38;2;232;232;232;48;2;71;73;75m🬚[38;2;6;9;12;48;2;143;144;145m🬭[38;2;103;104;106;48;2;17;19;22m🬄[38;2;205;206;206;48;2;22;25;28m🬭[38;2;211;211;211;48;2;27;29;32m🬭[38;2;74;75;77;48;2;20;22;25m🬏[38;2;204;204;204;48;2;24;26;29m🬭[38;2;84;85;87;48;2;226;227;226m🬄[38;2;87;87;90;48;2;35;35;39m🬞[38;2;190;190;190;48;2;27;29;32m🬭[38;2;195;195;196;48;2;19;22;25m🬭[38;2;6;8;11;48;2;5;9;13m🬏[0m[38;2;6;10;13m█[38;2;6;9;13;48;2;6;9;13m🬃🬃[48;2;6;10;13m🬉[38;2;6;9;14;48;2;6;9;13m🬇[38;2;6;9;12m🬁[38;2;7;9;11;48;2;8;9;11m🬏[0m
[38;2;8;9;12;48;2;7;9;11m🬦[0m[38;2;6;9;13m█[38;2;6;10;12;48;2;6;10;13m🬏[0m[38;2;6;10;13m████[38;2;6;9;13;48;2;6;9;13m🬃[38;2;96;97;98;48;2;24;27;31m🬁[38;2;137;138;139;48;2;219;220;219m🬞[38;2;230;230;230;48;2;85;85;86m🬧[38;2;212;212;213;48;2;66;67;69m▌[38;2;42;44;43;48;2;208;209;208m🬇[38;2;6;7;9;48;2;206;207;207m🬋[38;2;115;116;118;48;2;22;25;28m🬟[38;2;6;9;12;48;2;198;198;199m🬄[38;2;6;8;11;48;2;200;201;201m🬉[38;2;164;165;166;48;2;26;28;31m🬉[38;2;20;21;24;48;2;213;213;213m🬉[38;2;189;190;191;48;2;7;10;13m🬭[38;2;251;252;251;48;2;62;64;67m🬉[38;2;225;226;226;48;2;41;42;44m🬭[38;2;93;94;96;48;2;213;213;213m🬟[38;2;126;126;128;48;2;166;166;167m🬓[38;2;99;99;101;48;2;208;208;208m▌[38;2;61;61;62;48;2;240;240;240m▌[38;2;72;73;74;48;2;217;218;217m▌[38;2;18;19;20;48;2;193;194;193m🬋[38;2;226;227;227;48;2;51;53;54m🬐[38;2;5;9;12;48;2;6;10;13m🬃[0m[38;2;6;10;13m█[48;2;5;9;12m🬞[38;2;5;9;12;48;2;158;159;160m▌[38;2;5;9;11;48;2;201;202;202m🬉[38;2;123;123;125;48;2;20;22;25m🬑[38;2;242;243;242;48;2;87;87;89m🬣[38;2;7;8;11;48;2;183;184;184m🬄[38;2;225;225;225;48;2;21;23;26m🬄[0m[38;2;6;10;13m██[38;2;171;171;172;48;2;11;14;17m🬉[38;2;28;31;34;48;2;206;206;206m🬉[38;2;223;224;224;48;2;9;13;15m🬭[38;2;143;144;145;48;2;16;19;22m🬞[38;2;6;9;12;48;2;226;227;227m🬄[38;2;6;8;11;48;2;172;172;173m🬉[38;2;206;207;207;48;2;33;35;37m🬦[38;2;13;13;14;48;2;179;180;180m🬇[38;2;156;157;158;48;2;196;196;197m🬞[38;2;30;33;35;48;2;224;225;225m▌[38;2;215;215;215;48;2;44;44;46m🬭[38;2;116;117;119;48;2;198;199;199m🬦[38;2;45;45;48;48;2;187;187;187m🬏[38;2;205;205;205;48;2;31;32;34m🬭[38;2;240;240;240;48;2;64;65;68m▌[38;2;46;48;52;48;2;195;195;195m🬏[38;2;8;9;10;48;2;196;197;197m🬋[38;2;221;221;221;48;2;21;23;26m🬐[38;2;6;10;13;48;2;6;9;13m🬇[0m[38;2;5;9;13m█[38;2;86;87;89;48;2;8;12;15m🬁[38;2;79;80;82;48;2;223;223;223m🬑[38;2;225;226;226;48;2;6;10;12m🬭[38;2;23;25;29;48;2;139;139;140m🬣[38;2;13;15;17;48;2;216;216;216m🬉[38;2;9;11;13;48;2;202;202;203m🬄[38;2;46;48;51;48;2;172;172;172m🬭[38;2;7;8;11;48;2;206;207;207m🬉[38;2;82;83;84;48;2;224;224;224m🬄[38;2;206;206;206;48;2;54;55;58m🬉[38;2;7;8;8;48;2;198;198;198m🬇[38;2;6;7;10;48;2;204;205;205m🬋[38;2;30;32;34;48;2;6;9;12m🬀[0m[38;2;6;10;13m██[48;2;6;9;13m🬃[38;2;6;9;13m🬃[38;2;6;10;13m🬃[48;2;6;9;12m🬃[38;2;7;9;11;48;2;8;9;11m▌[0m
[38;2;8;9;11m█[48;2;7;10;13m🬱[38;2;6;10;13;48;2;8;9;11m🬂[38;2;8;8;10;48;2;7;9;12m🬞[38;2;7;8;11;48;2;6;9;12m🬭[38;2;5;9;10m🬩[38;2;4;8;11;48;2;5;9;12m🬏[38;2;7;9;11;48;2;6;9;13m🬏[38;2;8;9;12;48;2;7;9;13m🬏[38;2;8;9;13;48;2;6;9;12m🬁[0m[38;2;6;9;13m█[38;2;6;9;12;48;2;6;9;13m🬏[38;2;7;8;11m🬁[38;2;5;7;10;48;2;6;9;12m🬀[38;2;6;10;13;48;2;5;9;11m🬋[38;2;5;9;12;48;2;7;9;12m🬓[38;2;8;8;11;48;2;6;9;11m▌[38;2;6;9;13;48;2;5;9;13m🬇[38;2;6;10;14;48;2;6;9;13m🬇[38;2;7;9;12;48;2;6;10;11m🬆[38;2;6;9;13;48;2;8;9;12m🬆[38;2;5;7;10;48;2;7;9;12m🬁[38;2;5;8;13;48;2;6;10;13m🬁[38;2;6;10;14;48;2;6;9;13m🬱[38;2;5;9;11;48;2;6;9;12m🬁[38;2;6;9;13;48;2;5;9;11m🬁[38;2;5;9;10;48;2;6;9;12m🬏[38;2;5;6;10;48;2;6;8;13m🬁[38;2;8;8;12;48;2;7;8;12m🬞[38;2;6;9;12;48;2;7;8;11m🬆[0m[38;2;7;9;12m█[38;2;6;9;13;48;2;6;9;13m🬃[38;2;5;9;12;48;2;7;9;13m🬁[38;2;5;7;11;48;2;6;9;13m🬁[0m[38;2;6;9;13m█[48;2;5;9;12m🬃[38;2;5;8;11;48;2;6;9;13m🬀[38;2;8;9;14;48;2;6;9;14m🬱[0m[38;2;6;10;13m█[38;2;8;9;11;48;2;6;9;12m🬦[38;2;7;8;11;48;2;7;9;12m🬇[38;2;5;8;12;48;2;6;8;13m🬀[38;2;8;8;12;48;2;7;8;11m🬏[38;2;6;10;13;48;2;6;9;13m🬇[48;2;6;10;12m🬓🬇[0m[38;2;5;9;12m█[38;2;5;8;11;48;2;6;9;13m🬀[38;2;7;10;13;48;2;6;9;12m🬀[38;2;9;10;13;48;2;7;9;12m🬁[38;2;7;9;11;48;2;7;9;13m🬐[38;2;6;9;13m🬇[38;2;8;9;13;48;2;8;9;13m🬃[38;2;7;9;14;48;2;6;9;12m🬱[38;2;5;9;12;48;2;6;9;13m🬉[38;2;5;8;12m🬁[38;2;6;6;10;48;2;6;9;12m🬁[38;2;4;8;9;48;2;7;8;12m🬏[38;2;8;8;12;48;2;7;9;13m🬏[0m[38;2;6;10;12m█[38;2;6;9;13;48;2;8;9;13m🬆[38;2;5;9;12;48;2;6;9;13m🬂[38;2;5;9;13;48;2;5;9;12m🬏[38;2;5;9;12;48;2;6;9;13m🬈[38;2;5;8;12;48;2;6;10;13m🬉[38;2;6;8;11;48;2;7;9;13m🬀[38;2;5;9;12;48;2;8;9;13m🬂[38;2;6;8;11;48;2;7;9;13m🬁[0m[38;2;7;9;13m█[38;2;6;9;13;48;2;7;10;12m🬆[38;2;5;8;11m🬁[38;2;8;8;12;48;2;7;8;11m🬃[38;2;9;10;12;48;2;6;9;13m🬱[38;2;8;9;13m🬏[38;2;6;10;13;48;2;7;9;12m🬆[38;2;8;9;11;48;2;6;10;12m🬓[38;2;6;9;13;48;2;6;9;12m🬁[48;2;8;9;11m🬆[48;2;8;9;12m🬀[38;2;9;9;11;48;2;9;9;12m🬏[0m
[38;2;236;236;237;48;2;71;71;74m🬞[38;2;235;235;235;48;2;66;66;68m🬏[38;2;198;198;198;48;2;47;47;49m🬞[38;2;228;228;228;48;2;59;59;60m🬭[38;2;85;86;88;48;2;32;33;35m🬁[38;2;221;222;223;48;2;62;62;64m🬭[38;2;197;198;198;48;2;39;40;42m🬏[38;2;225;225;226;48;2;57;57;60m🬞[38;2;207;207;207;48;2;59;60;62m🬭[38;2;103;103;107;48;2;44;44;47m🬞[38;2;233;233;233;48;2;66;66;68m🬭[38;2;102;102;103;48;2;29;29;32m🬐[38;2;201;201;202;48;2;71;71;73m🬭[38;2;228;229;228;48;2;54;54;55m🬏[38;2;210;209;211;48;2;47;48;50m🬞[38;2;223;223;223;48;2;71;72;74m🬭[38;2;6;7;9;48;2;55;56;58m🬃[38;2;233;233;233;48;2;72;72;75m🬭[38;2;140;140;141;48;2;39;39;41m🬏[38;2;197;198;199;48;2;66;66;68m🬭[38;2;230;230;231;48;2;61;62;64m🬏[38;2;210;210;210;48;2;41;42;44m🬞[38;2;221;221;221;48;2;71;71;73m🬭[38;2;74;75;77;48;2;40;41;43m🬞[38;2;233;233;233;48;2;62;62;65m🬭[38;2;117;117;120;48;2;28;28;30m🬐[38;2;199;199;200;48;2;57;57;60m🬭[38;2;230;230;231;48;2;59;59;62m🬏[38;2;211;212;213;48;2;44;45;48m🬞[38;2;224;224;225;48;2;61;61;63m🬭[38;2;81;82;84;48;2;43;44;46m🬀[38;2;235;235;235;48;2;63;63;65m🬭[38;2;124;124;127;48;2;31;31;33m🬑[38;2;235;235;235;48;2;71;71;73m🬞[38;2;233;233;233;48;2;63;64;65m🬏[38;2;114;115;117;48;2;32;33;35m🬟[38;2;236;236;236;48;2;61;62;63m🬭[38;2;93;93;93;48;2;41;41;43m🬏[38;2;199;199;200;48;2;60;60;63m🬭[38;2;230;230;231;48;2;54;55;57m🬏[38;2;160;160;161;48;2;44;45;47m🬞[38;2;234;234;234;48;2;61;61;63m🬭[38;2;89;90;92;48;2;38;38;40m🬁[38;2;191;191;192;48;2;62;63;65m🬭[38;2;231;231;231;48;2;59;60;61m🬏[38;2;127;128;129;48;2;34;35;37m🬟[38;2;235;235;236;48;2;60;61;62m🬭[38;2;85;86;87;48;2;39;39;41m🬁[38;2;200;200;201;48;2;65;65;68m🬭[38;2;229;229;229;48;2;52;52;55m🬏[38;2;165;166;167;48;2;44;45;46m🬞[38;2;235;235;235;48;2;62;62;64m🬭[38;2;90;90;92;48;2;38;38;40m🬁[38;2;195;195;196;48;2;68;68;70m🬭[38;2;232;232;232;48;2;59;59;61m🬏[38;2;159;159;160;48;2;47;47;50m🬞[38;2;233;233;233;48;2;61;61;63m🬭[38;2;88;88;91;48;2;39;39;41m🬁[38;2;200;200;201;48;2;67;67;70m🬭[38;2;227;228;228;48;2;53;54;56m🬏[38;2;123;124;126;48;2;31;32;34m🬠[38;2;235;235;235;48;2;62;63;66m🬭[38;2;90;91;93;48;2;41;41;43m🬁[38;2;237;237;237;48;2;82;82;83m🬞[38;2;233;233;233;48;2;61;61;63m🬏[38;2;117;118;120;48;2;33;34;36m🬠[38;2;237;237;237;48;2;63;63;66m🬭[38;2;95;95;97;48;2;42;43;45m🬏[38;2;236;236;236;48;2;79;80;82m🬞[38;2;231;232;232;48;2;63;63;64m🬏[38;2;110;110;112;48;2;32;33;35m🬠[38;2;236;236;236;48;2;61;62;64m🬭[38;2;101;101;102;48;2;41;41;43m🬏[38;2;234;234;234;48;2;73;73;75m🬞[38;2;232;232;232;48;2;68;68;70m🬏[38;2;103;104;106;48;2;32;32;34m🬠[38;2;235;235;235;48;2;62;62;65m🬭[38;2;116;117;118;48;2;40;41;43m🬏[38;2;236;236;236;48;2;85;85;87m🬞[38;2;234;234;233;48;2;57;57;59m🬏[0m
[38;2;181;182;182;48;2;21;21;24m🬁[38;2;182;182;183;48;2;22;22;24m🬀[38;2;132;132;133;48;2;7;9;11m🬁[38;2;176;177;177;48;2;6;9;11m🬂[38;2;15;15;17;48;2;6;10;11m🬀[38;2;172;173;174m🬂[38;2;129;129;130;48;2;6;9;10m🬀[38;2;154;155;156;48;2;9;12;14m🬁[38;2;150;150;150;48;2;5;9;11m🬂[38;2;62;62;66;48;2;6;8;10m🬁[38;2;180;180;181;48;2;6;9;11m🬂[38;2;80;80;82;48;2;5;7;10m🬀[38;2;150;150;152;48;2;6;9;12m🬂[38;2;163;163;164;48;2;11;14;16m🬀[38;2;137;136;137;48;2;6;9;11m🬁[38;2;178;178;178m🬂[38;2;5;9;10;48;2;14;17;18m🬇[38;2;184;184;184;48;2;6;9;11m🬂[38;2;91;92;93;48;2;6;9;10m🬀[38;2;146;146;147;48;2;6;10;11m🬂[38;2;175;176;177;48;2;13;17;18m🬀[38;2;139;139;141;48;2;6;9;10m🬁[38;2;173;174;175;48;2;6;9;11m🬂[38;2;4;8;9;48;2;13;15;17m🬃[38;2;180;181;182;48;2;5;9;10m🬂[38;2;87;88;90m🬀[38;2;195;196;196;48;2;26;29;31m🬁[38;2;164;164;165;48;2;11;14;16m🬀[38;2;141;141;144;48;2;6;9;11m🬁[38;2;166;166;167m🬂[38;2;4;8;9;48;2;13;16;18m🬇[38;2;178;178;179;48;2;5;8;11m🬂[38;2;100;100;101;48;2;5;7;9m🬀[38;2;182;182;182;48;2;20;22;24m🬁[38;2;180;180;180;48;2;18;21;23m🬀[38;2;79;80;82;48;2;5;9;11m🬁[38;2;185;186;186;48;2;7;9;11m🬂[38;2;7;8;10;48;2;17;18;20m🬃[38;2;143;143;145;48;2;6;9;11m🬂[38;2;165;167;167;48;2;11;15;16m🬀[38;2;96;96;98;48;2;6;7;10m🬁[38;2;181;181;181;48;2;7;9;12m🬂[38;2;4;8;9;48;2;13;15;17m🬇[38;2;140;140;141;48;2;6;8;10m🬂[38;2;170;171;171;48;2;14;17;19m🬀[38;2;96;96;98;48;2;5;8;10m🬁[38;2;186;186;186;48;2;7;10;11m🬂[38;2;4;9;10;48;2;13;15;17m🬇[38;2;147;147;148;48;2;6;9;11m🬂[38;2;164;165;164;48;2;12;15;16m🬀[38;2;95;95;98;48;2;5;8;11m🬁[38;2;179;179;180;48;2;5;9;11m🬂[38;2;4;8;10;48;2;12;13;15m🬃[38;2;145;145;146;48;2;6;9;11m🬂[38;2;169;169;169;48;2;15;17;19m🬀[38;2;97;96;98;48;2;6;8;11m🬁[38;2;184;184;184;48;2;7;10;12m🬂[38;2;5;10;10;48;2;13;16;18m🬃[38;2;145;145;147;48;2;7;10;12m🬂[38;2;169;170;170;48;2;12;16;17m🬀[38;2;91;91;93;48;2;7;9;11m🬁[38;2;183;183;182;48;2;7;10;11m🬂[38;2;7;8;11;48;2;13;15;17m🬃[38;2;188;188;188;48;2;25;27;29m🬁[38;2;174;175;175;48;2;16;19;21m🬀[38;2;85;86;88;48;2;6;9;11m🬁[38;2;187;188;188;48;2;7;11;13m🬂[38;2;5;9;10;48;2;16;18;20m🬃[38;2;188;188;189;48;2;23;26;28m🬁[38;2;178;180;181;48;2;15;19;20m🬀[38;2;76;77;79;48;2;5;8;10m🬁[38;2;184;184;184;48;2;6;9;10m🬂[38;2;60;60;62;48;2;5;9;10m🬀[38;2;178;178;180;48;2;19;22;24m🬁[38;2;183;183;184;48;2;20;22;24m🬀[38;2;64;64;65;48;2;5;8;9m🬁[38;2;185;185;186;48;2;7;10;12m🬂[38;2;80;80;82;48;2;7;8;11m🬀[38;2;188;189;190;48;2;27;28;31m🬁[38;2;173;173;174;48;2;18;18;20m🬀[0m
[38;2;8;9;11;48;2;7;8;10m🬁[0m[38;2;8;9;11m█[38;2;6;9;10;48;2;5;9;11m🬄[38;2;5;9;11m🬃[38;2;7;9;11m🬉[38;2;7;8;11;48;2;5;8;11m🬃[38;2;7;9;11;48;2;5;9;11m🬇[38;2;6;8;11;48;2;8;9;12m🬂[38;2;5;9;10;48;2;6;9;11m🬟[0m[38;2;6;9;11m█[38;2;5;10;10;48;2;5;9;10m🬏[38;2;7;9;11;48;2;5;9;11m🬭[38;2;6;10;11m🬃[38;2;5;9;11m🬃[38;2;5;9;12m🬩[38;2;5;9;10m🬂[38;2;5;9;11m🬃[38;2;5;8;11;48;2;5;8;10m🬱[38;2;5;9;10;48;2;5;9;11m🬩[38;2;5;9;9m🬓[38;2;6;9;14;48;2;5;8;12m🬇[38;2;5;9;11;48;2;5;8;11m🬃[38;2;6;8;11;48;2;5;9;11m🬁[38;2;5;9;12m🬇[38;2;5;9;10m🬟[0m[38;2;5;9;11m█[38;2;6;10;11m█[38;2;5;9;11m█[48;2;5;9;11m🬃[48;2;5;9;10m🬭[38;2;5;9;10;48;2;5;9;11m🬓[0m[38;2;5;9;12m█[38;2;5;9;11;48;2;5;9;11m🬃[48;2;5;9;10m🬏[38;2;6;8;10;48;2;5;8;11m🬏[38;2;6;8;11;48;2;5;9;11m🬏[38;2;5;9;12m🬃[38;2;6;9;10;48;2;6;9;10m🬃[38;2;5;9;11;48;2;5;9;10m🬩[38;2;5;9;10;48;2;5;9;11m🬂[38;2;6;8;10m🬂[48;2;5;8;11m🬂[48;2;5;9;11m🬂[38;2;5;8;10;48;2;5;9;10m🬀[38;2;5;9;11;48;2;5;9;11m🬃[38;2;5;9;10m🬭[38;2;6;8;11;48;2;5;9;10m🬁🬂[38;2;5;9;11;48;2;5;9;11m🬃[48;2;5;9;10m🬞[38;2;5;9;12;48;2;5;9;11m🬇[38;2;5;9;11;48;2;5;9;12m🬭[38;2;5;8;11;48;2;5;9;11m🬂[38;2;5;8;10;48;2;5;9;10m🬀[38;2;5;8;11;48;2;5;8;12m▌[38;2;5;9;10;48;2;5;9;11m🬋🬀[38;2;6;9;11m🬉[38;2;6;9;12;48;2;5;9;12m🬂[38;2;8;8;12;48;2;7;9;12m🬇[38;2;7;9;13;48;2;8;9;13m🬭[0m[38;2;6;9;11m█[38;2;6;10;11;48;2;5;9;11m🬃[38;2;6;9;11;48;2;7;9;11m🬐[38;2;7;9;11;48;2;8;9;11m🬂[38;2;6;10;13;48;2;7;9;11m🬦[48;2;6;9;11m🬓[38;2;7;9;11;48;2;7;10;12m🬆[38;2;5;9;11;48;2;6;10;12m🬂[48;2;6;10;13m🬂[38;2;7;9;10;48;2;5;9;11m🬞[38;2;7;9;11;48;2;5;9;10m🬭[38;2;6;9;11;48;2;5;9;11m🬏[38;2;5;9;11m🬃[38;2;6;9;10;48;2;5;9;10m🬠[38;2;6;9;11;48;2;8;9;11m🬭[38;2;7;8;10;48;2;6;9;11m🬃[38;2;7;9;11;48;2;5;9;10m🬂[38;2;6;9;10;48;2;8;9;11m🬭[38;2;6;9;12m🬭[0m
[38;2;8;9;11m█[48;2;5;9;11m🬂[38;2;6;9;11;48;2;5;9;10m🬀[0m[38;2;5;9;10m██[38;2;5;9;11;48;2;5;9;10m🬖[48;2;4;9;10m🬱[38;2;7;9;11;48;2;5;9;11m🬁[38;2;6;8;10;48;2;5;8;10m🬩[0m[38;2;6;8;10m█[38;2;17;18;20;48;2;149;149;150m🬂[38;2;21;23;24;48;2;7;10;11m🬃[38;2;5;9;11;48;2;5;9;10m🬇[48;2;5;9;11m🬃[38;2;5;9;10;48;2;5;9;12m▌[48;2;5;9;11m🬇[38;2;5;9;11;48;2;5;9;10m🬂[38;2;5;8;11m🬂[38;2;5;9;10;48;2;5;8;11m🬓[48;2;5;9;12m🬀[48;2;5;9;11m🬋[38;2;5;9;11m🬃[48;2;5;9;10m🬣[38;2;5;9;12m🬦[38;2;5;9;11m▌[38;2;6;10;12;48;2;5;9;11m🬞[38;2;6;9;12;48;2;5;9;12m🬄[38;2;6;9;13;48;2;6;9;11m🬱[0m[38;2;5;9;11m█[48;2;5;9;10m🬇[38;2;5;9;10;48;2;5;9;11m🬖[48;2;5;8;11m🬋[38;2;5;9;11;48;2;5;9;10m🬐[38;2;6;9;11;48;2;5;9;11m🬁[38;2;5;9;10;48;2;7;8;10m🬓[38;2;6;8;10;48;2;5;9;11m▌[38;2;5;9;11;48;2;5;9;10m▌[38;2;5;9;9;48;2;5;9;11m🬓[38;2;5;9;12m🬃[38;2;5;9;11;48;2;7;8;11m🬂[38;2;5;9;10;48;2;5;9;12m🬱[38;2;5;8;12;48;2;5;9;11m🬂[38;2;5;9;11m🬃[38;2;5;8;11;48;2;5;9;10m🬆[38;2;5;9;11;48;2;5;9;12m▌[38;2;5;9;10;48;2;5;9;11m🬂[38;2;5;9;11;48;2;5;9;10m🬭[0m[38;2;5;9;10m█[38;2;5;9;11;48;2;5;9;11m🬃[48;2;5;9;12m🬂[0m[38;2;5;9;10m█[38;2;5;9;12;48;2;5;9;10m🬋[38;2;5;9;10;48;2;5;9;11m🬀🬌🬃[38;2;5;9;11m🬃[48;2;5;9;10m🬦[38;2;5;9;13;48;2;5;9;11m🬚[38;2;6;9;12m🬁[38;2;7;9;11m🬂[38;2;180;179;181;48;2;20;23;25m🬞[38;2;180;180;182;48;2;5;9;11m🬭[38;2;180;180;181m🬭[38;2;179;179;181;48;2;5;9;12m🬭[38;2;180;180;181;48;2;7;9;11m🬭[48;2;8;9;12m🬭[38;2;179;179;180;48;2;6;9;12m🬭[38;2;180;180;180;48;2;6;10;12m🬭[38;2;179;179;180m🬭[38;2;182;182;182m🬭[38;2;112;114;114;48;2;7;8;11m🬏[0m[38;2;7;9;11m█[38;2;6;9;10;48;2;5;9;11m🬏[0m[38;2;5;9;11m█[38;2;6;10;10;48;2;5;9;11m🬃[38;2;5;9;11;48;2;5;9;10m▌[38;2;5;9;9m🬁[38;2;5;10;10m🬇[38;2;5;9;11;48;2;7;9;10m🬆[38;2;5;9;12;48;2;8;9;11m🬂[0m
[38;2;5;9;10;48;2;7;9;11m🬚[0m[38;2;5;9;10m█[38;2;5;9;11;48;2;5;9;10m🬭[38;2;5;9;10;48;2;5;8;11m🬆[48;2;5;9;11m🬀[38;2;5;9;11m🬃[38;2;5;9;10m🬟[38;2;5;9;12;48;2;5;9;10m🬄[38;2;5;9;10;48;2;4;8;11m🬏[38;2;5;9;11;48;2;5;8;11m🬇[38;2;6;7;9m🬀[38;2;5;9;10;48;2;5;9;11m🬇[38;2;6;10;11;48;2;5;9;10m🬇[0m[38;2;5;9;11m█[48;2;5;9;11m🬃[38;2;5;8;11m🬭[38;2;5;9;10m🬃🬑[0m[38;2;5;9;10m█[48;2;5;9;12m🬓[38;2;5;9;11;48;2;5;9;11m🬃[48;2;5;9;10m🬱[38;2;5;9;10;48;2;5;9;11m🬀[0m[38;2;5;9;12m█[38;2;6;10;11;48;2;5;9;11m🬁[38;2;6;10;12;48;2;5;9;10m🬅[38;2;7;9;11;48;2;5;9;11m🬉[38;2;6;8;10;48;2;7;8;11m🬦[38;2;5;9;11;48;2;5;9;10m🬋[48;2;5;9;11m🬃[38;2;5;9;10;48;2;5;8;11m🬦[38;2;5;9;11;48;2;5;9;10m🬄[38;2;5;9;10m🬃[38;2;5;9;11m🬂🬀[38;2;5;8;11m🬦[38;2;5;9;11;48;2;5;9;12m🬁[38;2;5;9;10;48;2;5;9;11m🬦[0m[38;2;5;9;11m█[38;2;5;9;12;48;2;5;9;11m🬭[38;2;5;9;11;48;2;5;9;10m🬓[38;2;5;9;10;48;2;5;9;12m🬓[38;2;6;10;11m🬂[38;2;5;9;12;48;2;5;9;10m🬓[38;2;5;9;10;48;2;5;8;11m🬇[48;2;5;9;10m🬃[38;2;5;9;11;48;2;5;9;11m🬃🬃[48;2;5;9;10m🬆[48;2;5;8;10m🬂[38;2;5;9;10m🬃[38;2;5;9;11;48;2;5;9;10m🬞[0m[38;2;5;9;10m█[38;2;5;9;11;48;2;5;9;10m🬁🬂🬐[38;2;5;9;10;48;2;5;9;11m🬏[38;2;7;9;13;48;2;6;8;12m🬏[38;2;6;9;11;48;2;5;9;11m🬞[38;2;5;9;10;48;2;7;9;11m🬂[38;2;101;104;103;48;2;208;209;209m🬄[38;2;247;247;246;48;2;246;246;246m🬃[38;2;246;246;246m🬃[0m[38;2;246;246;246m█[38;2;247;247;247;48;2;246;246;246m🬁🬂[38;2;246;246;246;48;2;247;247;247m🬏[0m[38;2;247;247;247m█[48;2;246;247;247m🬃[38;2;248;248;248;48;2;247;247;247m🬇[38;2;151;153;152;48;2;46;48;50m🬓[38;2;7;10;11;48;2;7;9;11m🬃[38;2;5;9;10;48;2;7;9;10m🬁[38;2;6;8;11;48;2;5;9;11m🬓[38;2;5;9;11;48;2;5;9;10m🬉🬄🬆[38;2;6;9;10m🬁[38;2;7;8;10m🬂[38;2;6;9;11;48;2;8;9;11m▌[0m
[38;2;6;9;10;48;2;8;9;11m▌[38;2;8;9;11m🬃[38;2;7;9;11;48;2;5;9;10m▌[0m[38;2;5;9;10m█[38;2;5;9;11;48;2;5;9;10m🬂[0m[38;2;5;9;10m██[38;2;5;8;11;48;2;5;9;10m🬭[0m[38;2;5;8;10m█[38;2;7;8;11;48;2;5;8;10m🬂[0m[38;2;5;9;10m█[38;2;8;9;11;48;2;7;8;10m🬞[38;2;7;8;12;48;2;7;9;11m🬞[48;2;5;9;10m🬏[38;2;5;9;12;48;2;5;9;11m🬞[38;2;5;9;11;48;2;5;9;10m▌[38;2;6;8;10m🬉[48;2;5;8;10m🬆[38;2;89;91;94;48;2;4;8;9m🬦[38;2;184;187;188;48;2;39;42;43m🬭[38;2;184;185;187;48;2;38;42;43m🬭[38;2;183;184;187;48;2;39;42;44m🬭[38;2;183;185;187;48;2;39;43;45m🬭[38;2;184;185;187;48;2;39;43;44m🬭🬭[38;2;185;186;188m🬭[38;2;71;72;75;48;2;5;9;10m🬓[38;2;6;10;11m🬃[38;2;5;9;10;48;2;5;9;11m🬁[38;2;5;9;11;48;2;5;9;10m🬠[38;2;5;9;10;48;2;5;9;11m🬓[38;2;5;9;11;48;2;5;9;12m🬀[38;2;5;9;10m🬂[38;2;5;9;12;48;2;5;9;10m🬱[38;2;5;8;12;48;2;5;9;11m🬃[38;2;5;8;11;48;2;5;9;10m🬂[38;2;5;9;11;48;2;5;9;11m🬃[38;2;5;9;10m🬭[38;2;5;9;12m🬞[48;2;5;9;10m🬂[38;2;5;8;12m🬉[48;2;5;9;11m▌[38;2;6;9;10m🬉[38;2;7;8;11;48;2;5;9;10m🬀[38;2;5;8;11;48;2;7;7;9m🬄[38;2;153;154;155;48;2;19;20;22m🬦[38;2;131;131;133;48;2;7;10;13m🬓[38;2;5;9;11;48;2;5;9;10m🬧[48;2;5;9;11m🬃[38;2;5;8;12m🬉[38;2;5;9;12;48;2;5;9;13m🬭[38;2;5;9;11;48;2;5;9;10m🬀[38;2;5;9;10;48;2;5;9;12m▌[0m[38;2;5;9;12m█[38;2;5;9;11;48;2;5;9;11m🬃[48;2;5;9;10m🬂🬐[38;2;72;75;75;48;2;23;26;28m🬞[38;2;139;140;142;48;2;222;222;222m🬀[38;2;138;139;140;48;2;221;221;221m🬁[38;2;183;183;183;48;2;246;246;246m🬀[38;2;246;246;246m🬃[0m[38;2;246;246;246m█[48;2;247;247;247m🬆[38;2;147;147;148;48;2;11;14;16m🬂[38;2;146;147;148;48;2;5;9;11m🬂[38;2;145;146;147;48;2;5;8;10m🬂[48;2;4;8;11m🬂[38;2;146;146;147;48;2;5;9;11m🬂[38;2;146;147;147;48;2;4;8;10m🬂[38;2;183;184;186;48;2;96;97;100m🬦[38;2;103;104;106;48;2;164;165;167m🬁[38;2;153;154;156;48;2;90;91;93m▌[38;2;5;8;9;48;2;6;9;11m🬂[38;2;5;9;11;48;2;5;9;10m🬩[38;2;5;9;12m🬓[38;2;5;9;11m🬁[38;2;4;9;10;48;2;5;9;11m🬭[38;2;7;9;11;48;2;5;9;10m🬦[38;2;8;9;11;48;2;8;9;11m🬃[0m
[38;2;7;8;10;48;2;5;9;10m🬞[38;2;7;9;11;48;2;8;9;11m🬃[38;2;8;9;11;48;2;6;9;10m🬌[38;2;6;8;10;48;2;5;9;10m🬄[38;2;6;10;11m🬞[38;2;5;8;12m🬭[38;2;5;9;11m🬏[38;2;5;9;12m🬏[38;2;14;15;17;48;2;5;8;10m🬞[38;2;17;21;22;48;2;7;11;13m🬏[48;2;7;12;13m🬞[38;2;17;21;23;48;2;8;12;13m🬏[38;2;18;21;23;48;2;10;12;15m🬞[38;2;19;21;23;48;2;8;10;12m🬏[38;2;7;9;11;48;2;5;9;11m🬏[38;2;5;10;11m🬁[38;2;18;20;22;48;2;8;10;12m🬞[38;2;18;20;21;48;2;8;11;13m🬞[38;2;116;117;120;48;2;39;40;43m🬦[38;2;185;186;188;48;2;185;186;188m🬃🬃[38;2;184;185;187m🬂[48;2;184;185;187m🬃[38;2;185;186;188m🬃🬃[38;2;186;187;189;48;2;185;186;188m🬇[38;2;92;93;95;48;2;32;34;36m🬓[38;2;19;23;23;48;2;9;13;14m🬞[38;2;21;24;25;48;2;8;11;12m🬏[38;2;8;9;11;48;2;5;9;11m🬭[38;2;5;9;11m🬃[48;2;5;9;10m▌[38;2;5;9;10;48;2;5;9;11m▌🬇[38;2;5;9;11;48;2;5;9;12m▌[38;2;5;9;10;48;2;5;9;11m🬦[38;2;5;8;12m🬂[38;2;6;9;10;48;2;5;8;11m🬉[38;2;5;8;11;48;2;7;8;10m🬭[38;2;5;9;12;48;2;5;9;10m🬦[38;2;5;8;12m🬉[38;2;5;9;11;48;2;5;9;11m🬃[38;2;5;9;10m🬱[38;2;5;8;10;48;2;4;9;11m🬁[48;2;5;9;11m🬂[38;2;4;8;10;48;2;5;8;11m🬁[48;2;4;8;11m🬄[38;2;5;9;11;48;2;5;9;12m🬁[48;2;5;9;10m🬑[38;2;5;9;10;48;2;4;8;11m🬍[0m[38;2;5;9;10m█[48;2;5;9;11m🬄[38;2;5;9;12m🬭[38;2;5;9;10m🬇[38;2;5;9;11;48;2;5;9;10m🬦[38;2;5;9;10;48;2;5;9;11m🬐[38;2;198;199;201;48;2;5;8;10m🬞[38;2;237;237;238;48;2;39;40;41m🬭[38;2;247;247;247;48;2;246;246;246m🬏[38;2;246;246;245m🬭[0m[38;2;246;246;246m█[38;2;246;246;245m█[38;2;144;144;145;48;2;246;246;245m🬞[38;2;35;37;39;48;2;247;247;246m🬭[38;2;13;17;19;48;2;7;10;11m🬀[38;2;5;9;10;48;2;5;9;11m🬃[38;2;5;9;12;48;2;5;9;10m🬭[38;2;5;9;11;48;2;5;9;11m🬃[38;2;5;9;10m🬁🬏[38;2;184;185;187;48;2;46;47;50m🬉[38;2;26;26;28;48;2;183;184;186m🬭[38;2;18;21;22;48;2;142;144;146m🬭[38;2;5;9;11;48;2;5;8;10m🬉[48;2;5;9;11m🬃[0m[38;2;5;9;10m██[38;2;7;9;11;48;2;5;9;10m🬦[0m[38;2;8;9;11m█[38;2;9;10;12;48;2;8;9;11m🬃[0m
[38;2;7;8;10;48;2;6;9;10m🬆[38;2;7;9;10;48;2;5;9;10m🬂[38;2;6;9;10m🬀[38;2;5;9;11m🬭[38;2;5;9;12m🬭[0m[38;2;5;9;12m█[38;2;5;9;11m█[38;2;5;9;10;48;2;5;9;11m🬁[38;2;113;113;116;48;2;33;35;37m🬉[38;2;188;189;191;48;2;187;187;189m🬀[0m[38;2;185;186;188m█[38;2;185;185;188;48;2;184;185;187m🬀[38;2;184;185;187;48;2;185;186;188m🬃[38;2;86;86;88;48;2;158;159;161m🬦[38;2;7;9;11;48;2;6;10;11m▌[38;2;5;10;10;48;2;5;9;10m🬇[38;2;107;108;110;48;2;164;165;167m🬓[38;2;186;187;189;48;2;185;186;188m🬁[38;2;187;188;190m🬀[0m[38;2;185;186;188m█[38;2;184;185;187;48;2;184;185;187m🬃🬃[0m[38;2;184;185;187m█[48;2;184;185;187m🬃[0m[38;2;184;185;187m█[48;2;185;186;188m🬁[38;2;185;186;188;48;2;184;185;188m🬃[38;2;187;187;189;48;2;185;186;188m🬁[38;2;88;90;91;48;2;160;161;163m🬉[38;2;8;9;11;48;2;6;9;10m🬭[38;2;5;9;10;48;2;6;10;11m🬃[38;2;6;10;12m🬏[38;2;6;10;11;48;2;5;9;10m🬃[38;2;5;9;11;48;2;5;9;11m🬃🬃[38;2;6;10;11;48;2;5;9;10m🬇[38;2;5;9;10;48;2;6;10;11m🬏[38;2;6;10;11;48;2;5;9;11m🬃[38;2;5;9;10m🬓[38;2;5;9;11;48;2;5;9;10m🬞[0m[38;2;5;9;10m█[38;2;6;10;12;48;2;5;9;11m🬞[0m[38;2;6;10;11m█[48;2;5;9;11m🬃[38;2;5;9;11m🬃[38;2;5;9;10m🬆[38;2;5;9;11;48;2;5;9;10m🬑[48;2;5;9;11m🬃[48;2;5;9;12m🬇[48;2;5;9;11m🬃🬃[0m[38;2;5;9;12m█[48;2;5;9;10m🬆[38;2;5;9;10;48;2;5;9;11m🬓[38;2;5;8;12;48;2;5;9;10m🬓[38;2;4;9;10;48;2;4;9;10m🬃[38;2;5;7;9;48;2;207;207;209m▌[0m[38;2;247;247;247m█[38;2;246;246;245;48;2;247;247;246m🬦[48;2;246;246;246m🬏[38;2;246;246;246;48;2;246;246;245m🬦[38;2;247;247;246m🬞[38;2;131;131;132;48;2;215;215;215m🬦[38;2;5;8;11;48;2;5;9;11m🬀[38;2;7;10;11;48;2;5;9;10m🬦[0m[38;2;6;9;10m█[38;2;6;10;11;48;2;5;9;11m🬃[38;2;5;9;12m🬁[38;2;5;9;11;48;2;5;9;12m🬠[38;2;5;9;10;48;2;5;9;11m🬦[38;2;6;8;10;48;2;5;8;10m🬀[38;2;7;9;10;48;2;5;9;11m🬠[38;2;6;9;11;48;2;5;8;10m🬓[38;2;6;8;10;48;2;5;9;11m🬏[38;2;5;9;11;48;2;5;9;10m🬩[0m[38;2;5;9;10m█[38;2;5;9;11;48;2;5;9;10m🬉[38;2;6;9;11;48;2;5;9;11m🬉[38;2;7;9;10;48;2;6;8;10m🬂[38;2;6;9;10;48;2;8;9;11m🬓[0m
[38;2;7;8;10;48;2;6;9;10m🬋[38;2;6;9;10;48;2;5;9;10m🬃[38;2;6;10;12;48;2;5;9;11m🬃[38;2;5;9;11m🬃🬃[48;2;5;9;10m🬂[38;2;4;8;11;48;2;4;9;10m🬂[38;2;168;168;171;48;2;16;19;21m🬦[38;2;5;8;9;48;2;156;157;159m🬀[38;2;185;186;187;48;2;183;184;186m🬂[38;2;184;185;187m🬅[38;2;182;185;186;48;2;184;185;187m🬓[38;2;184;185;187m🬃[38;2;85;86;88;48;2;180;181;183m🬁[38;2;7;9;11;48;2;167;168;170m🬂[38;2;5;9;10;48;2;168;169;171m🬂[38;2;105;107;109;48;2;182;182;184m🬀[38;2;185;186;188;48;2;184;185;187m🬁[38;2;185;185;187m🬂[38;2;184;185;187m🬃[38;2;184;185;189m🬭[38;2;185;186;188m🬇🬃[38;2;184;185;187;48;2;185;186;188m🬱[0m[38;2;185;186;188m███[48;2;185;186;188m🬃[38;2;91;91;93;48;2;181;182;184m🬁[38;2;8;9;11;48;2;168;169;171m🬂[38;2;6;10;11;48;2;169;169;171m🬂[38;2;79;80;82;48;2;6;8;11m🬓[38;2;6;8;10;48;2;5;9;11m🬓[38;2;5;8;11m🬞[38;2;6;8;11;48;2;5;8;11m🬞[38;2;6;8;10;48;2;5;9;10m🬏[38;2;5;9;10m🬃[38;2;6;9;11;48;2;7;9;11m🬂[38;2;5;9;11;48;2;5;9;11m🬃[48;2;6;9;12m🬂[38;2;5;8;13;48;2;5;9;11m🬆[38;2;5;9;12;48;2;5;8;13m🬱[48;2;5;9;11m🬓[48;2;5;9;10m🬱[38;2;5;9;10;48;2;5;9;11m🬀[38;2;5;9;11m🬃[0m[38;2;5;9;10m█[38;2;5;8;11;48;2;5;9;10m🬞[38;2;5;9;11;48;2;5;8;12m🬀[48;2;5;9;12m🬭[48;2;5;9;10m🬀[0m[38;2;5;9;10m█[48;2;5;9;11m🬆[48;2;5;9;12m🬩[38;2;5;8;10;48;2;5;8;11m🬓[38;2;4;9;9;48;2;5;9;10m🬁[38;2;6;7;9;48;2;206;206;207m▌[0m[38;2;247;247;247m█[38;2;246;246;245;48;2;247;247;246m🬁[48;2;246;246;246m▌[0m[38;2;246;246;246m█[48;2;247;247;247m▌[38;2;133;133;134;48;2;217;217;216m🬉[38;2;6;10;12;48;2;5;9;11m🬖[0m[38;2;6;9;10m█[38;2;7;9;11;48;2;6;9;11m🬧🬓[38;2;6;10;10;48;2;5;9;10m🬞[38;2;5;9;12;48;2;5;8;11m🬇[38;2;6;8;11;48;2;5;9;11m🬏[38;2;5;9;11;48;2;5;9;10m🬅[38;2;6;9;10;48;2;6;10;11m🬂[38;2;6;10;11;48;2;6;9;10m🬃[38;2;6;9;10;48;2;5;9;10m🬄[0m[38;2;5;9;10m███[38;2;6;9;10;48;2;5;9;10m🬦[38;2;7;8;10;48;2;5;8;10m🬩[38;2;6;8;10;48;2;7;9;11m🬓[0m
[38;2;5;9;10;48;2;8;9;11m🬂[38;2;5;9;11m🬂[38;2;6;8;10;48;2;5;9;10m🬓[38;2;5;9;11m🬆[0m[38;2;5;9;11m█[38;2;5;9;10m█[38;2;4;9;10;48;2;4;9;10m🬃[38;2;30;32;33;48;2;178;178;182m▌[38;2;165;166;169;48;2;179;180;183m🬞[48;2;178;179;182m🬞[38;2;166;167;169;48;2;179;180;182m🬞[38;2;167;168;170;48;2;179;180;183m🬏[38;2;168;168;170;48;2;180;181;183m🬞[38;2;167;167;169m🬞[38;2;166;167;169;48;2;179;180;182m🬏[38;2;167;167;169;48;2;180;181;183m🬏[38;2;167;168;170;48;2;181;182;184m🬏[38;2;168;169;172;48;2;180;182;184m🬞[38;2;166;167;169;48;2;179;180;183m🬞[48;2;179;180;182m🬞[38;2;167;167;169;48;2;179;180;183m🬏[48;2;180;181;183m🬞[38;2;166;167;169;48;2;179;180;183m🬏[38;2;167;167;169;48;2;180;181;183m🬞[38;2;167;168;170;48;2;180;181;184m🬏🬞[38;2;166;167;170;48;2;180;181;183m🬏[38;2;166;167;169m🬏[38;2;167;168;170m🬏🬞🬏[38;2;88;89;91;48;2;26;27;29m🬄[38;2;7;9;11;48;2;5;9;11m🬄[38;2;5;8;11;48;2;5;8;11m🬃[38;2;7;8;11;48;2;5;8;10m🬂[38;2;7;8;12m🬀[38;2;177;177;179;48;2;6;9;11m🬞[38;2;191;191;192;48;2;13;14;16m🬏[38;2;6;10;11;48;2;6;8;10m🬂[0m[38;2;5;9;10m█[38;2;5;9;12;48;2;5;9;11m🬞[48;2;5;9;10m🬂🬂[38;2;5;8;11m🬣[38;2;5;9;10;48;2;5;8;11m🬣[38;2;5;9;12;48;2;5;9;11m🬂[38;2;5;9;10m🬞[38;2;5;8;11;48;2;5;9;9m🬂[38;2;5;8;12;48;2;5;9;10m🬂[38;2;5;9;11m🬀🬭🬁[38;2;5;9;10;48;2;5;9;12m🬓[48;2;5;8;11m🬞[38;2;5;9;11;48;2;5;9;10m🬁[38;2;6;7;9;48;2;4;9;10m🬦[38;2;179;179;180;48;2;6;7;9m🬉[38;2;40;41;43;48;2;219;219;218m🬭[0m[38;2;246;246;246m███[38;2;246;246;245;48;2;246;246;246m🬁[38;2;154;154;154m🬉[38;2;246;246;246;48;2;48;50;52m🬭[38;2;14;17;20;48;2;6;10;12m🬏[38;2;6;10;12;48;2;6;10;11m🬀[38;2;6;10;11;48;2;6;9;10m🬃[38;2;8;8;10m🬞[38;2;8;9;11;48;2;5;9;11m🬭[38;2;8;8;10;48;2;8;9;11m🬂[38;2;5;9;11;48;2;5;9;10m🬓[38;2;232;232;233;48;2;20;23;25m🬞[38;2;171;172;173;48;2;20;23;24m🬱[38;2;6;8;12;48;2;5;9;11m🬃[0m[38;2;5;9;10m████[48;2;5;9;11m🬀[38;2;5;10;10;48;2;8;9;11m▌[0m
[38;2;7;8;10;48;2;8;9;11m🬞[38;2;8;9;11;48;2;7;8;10m🬄[38;2;6;9;10;48;2;5;9;10m▌[38;2;5;9;11m🬏🬂🬇🬋[38;2;5;8;9;48;2;5;9;11m🬂[38;2;5;9;11;48;2;6;8;10m🬭[38;2;7;7;10;48;2;5;8;11m🬂[38;2;7;8;10;48;2;6;8;10m🬦[38;2;6;8;11;48;2;6;7;10m🬓[38;2;7;8;11;48;2;6;8;10m🬀[38;2;6;8;11m🬋[38;2;6;7;9;48;2;5;9;10m🬂[38;2;6;7;10;48;2;5;9;11m🬂[38;2;5;8;10;48;2;6;8;11m🬦[38;2;6;7;10;48;2;5;8;10m🬀[38;2;5;9;12m🬞[38;2;5;9;11;48;2;6;8;10m🬭[38;2;6;8;11m🬋[38;2;6;7;10;48;2;5;8;10m🬀[0m[38;2;6;8;10m█[38;2;5;9;11;48;2;6;7;10m🬭🬭[38;2;5;8;11;48;2;6;8;10m🬭[38;2;6;7;9;48;2;5;8;11m🬂[38;2;5;7;9m🬂[38;2;6;7;9;48;2;5;9;11m🬂[38;2;5;9;12;48;2;6;8;10m🬭[38;2;5;8;13;48;2;6;7;10m🬭[38;2;5;8;11;48;2;5;8;10m🬭[38;2;5;9;13;48;2;5;9;12m🬦[38;2;5;9;11;48;2;5;9;10m🬏[38;2;7;8;10;48;2;5;8;11m🬉[38;2;5;9;12;48;2;6;8;10m🬭[38;2;49;49;52;48;2;5;8;10m🬁[38;2;63;63;65;48;2;7;10;11m🬀[38;2;5;9;9;48;2;6;8;10m🬭[38;2;5;9;10;48;2;5;9;11m🬓[38;2;5;9;11;48;2;5;9;10m🬍[38;2;5;8;10m🬃[38;2;5;9;11m🬇[38;2;5;9;10;48;2;5;9;11m🬂[38;2;5;9;11;48;2;5;8;11m🬈[38;2;5;9;10;48;2;5;9;11m🬓🬁[38;2;5;9;11;48;2;5;9;10m🬭🬖[0m[38;2;5;9;11m█[38;2;5;8;12;48;2;5;9;10m🬆[38;2;5;9;10;48;2;5;9;12m🬂[48;2;5;9;11m🬟🬁[38;2;5;9;11;48;2;5;9;12m🬌[38;2;7;9;10;48;2;5;9;10m🬦[38;2;8;9;11;48;2;6;9;10m🬏[38;2;74;74;75;48;2;31;32;34m🬁[38;2;230;230;229;48;2;242;242;242m🬏[38;2;231;231;231m🬏[38;2;236;236;236;48;2;246;246;246m🬏[38;2;247;247;246m🬭[0m[38;2;246;246;246m█[38;2;247;247;247;48;2;246;246;247m🬞[38;2;43;46;49;48;2;15;19;21m🬏[38;2;34;36;38;48;2;12;16;17m🬞[38;2;35;37;40;48;2;13;16;17m🬏[38;2;36;38;40m🬞[38;2;35;37;40;48;2;13;16;18m🬞[38;2;36;38;41;48;2;12;16;18m🬞[38;2;35;38;39;48;2;12;16;16m🬞[38;2;17;20;21;48;2;227;228;227m▌[38;2;132;132;133;48;2;213;213;212m🬦[38;2;4;7;10;48;2;5;8;10m🬏[38;2;5;9;10;48;2;5;9;10m🬃[38;2;6;10;11m🬏[0m[38;2;5;9;10m█[38;2;6;9;10;48;2;5;9;10m🬦[38;2;7;9;12;48;2;7;8;11m🬂[38;2;5;10;10;48;2;7;9;10m🬀[0m
[38;2;5;9;11;48;2;5;9;10m🬌[38;2;6;10;11;48;2;6;9;10m🬃[48;2;5;9;10m🬃[38;2;5;9;11m🬂[38;2;5;9;10;48;2;5;9;11m🬗[38;2;79;80;82;48;2;14;17;19m🬞[38;2;5;9;10;48;2;7;11;13m🬇[38;2;5;9;11;48;2;5;9;10m🬁[38;2;5;9;10;48;2;5;9;12m🬚[38;2;5;9;12;48;2;5;9;11m🬃[38;2;5;9;10;48;2;5;8;11m🬭[38;2;5;9;12;48;2;5;9;10m🬋[38;2;5;9;11m🬓[38;2;5;9;10;48;2;5;9;9m🬇[38;2;5;9;11;48;2;5;9;10m🬞[38;2;5;9;10;48;2;5;9;11m🬟[38;2;5;9;11m🬃[0m[38;2;5;9;11m█[38;2;5;9;12;48;2;5;9;11m🬃[38;2;5;9;10m🬞[38;2;5;9;11;48;2;5;9;10m🬣[38;2;5;9;12m🬭[38;2;5;9;10;48;2;5;9;11m🬀[38;2;5;9;12m🬃[38;2;5;9;11m🬃[38;2;6;8;10m🬉[38;2;7;9;11m🬄[38;2;5;9;12;48;2;5;9;10m🬭[38;2;5;9;10;48;2;5;9;11m🬩[38;2;5;9;12;48;2;5;9;10m🬂[38;2;5;9;11;48;2;5;9;11m🬃[38;2;5;9;12m🬇[38;2;5;9;11;48;2;5;8;11m🬞[48;2;5;9;10m🬐[48;2;5;9;11m🬃[48;2;5;9;10m▌🬞[38;2;5;9;12m🬭[38;2;5;9;11m🬱🬏[38;2;5;9;10;48;2;5;8;11m🬆[38;2;5;8;11;48;2;5;9;10m🬓[38;2;5;9;11m🬉🬂[38;2;5;9;10;48;2;5;8;10m🬃[38;2;6;8;10;48;2;5;9;11m🬞[38;2;7;8;10;48;2;5;9;10m🬏[38;2;5;9;11m🬀[38;2;6;9;13;48;2;5;9;11m🬞[38;2;5;9;10;48;2;7;9;12m🬆[38;2;6;10;13;48;2;5;9;10m🬭[38;2;5;9;10;48;2;7;9;11m🬆[38;2;5;9;11;48;2;8;9;12m🬂[38;2;7;9;11;48;2;5;9;12m🬱[38;2;5;8;12;48;2;5;9;11m🬀[38;2;6;10;11;48;2;5;9;10m🬃[48;2;5;9;11m🬭[38;2;6;9;11m🬁[38;2;6;8;10;48;2;5;9;10m🬁[38;2;5;9;10;48;2;7;9;10m🬭[38;2;101;104;103;48;2;207;207;207m🬓[38;2;247;247;246;48;2;246;246;246m🬁[38;2;246;246;246m🬃[48;2;246;247;247m🬏[38;2;247;247;247m🬃[0m[38;2;247;247;247m█[38;2;247;247;248;48;2;247;247;247m🬀[38;2;247;247;247;48;2;246;246;246m🬀🬁[0m[38;2;247;247;247m█[38;2;247;247;246;48;2;247;247;247m🬁[38;2;246;247;246;48;2;16;17;20m▌[38;2;5;8;9;48;2;7;9;11m🬁[38;2;6;9;10;48;2;5;9;10m🬭[38;2;5;9;11m🬄[38;2;5;9;12m🬏[38;2;5;9;10m🬃[38;2;5;9;11;48;2;5;8;10m🬞[48;2;5;9;10m🬞[38;2;6;9;11;48;2;8;9;11m🬄[0m
[38;2;5;9;11;48;2;5;9;10m🬀[38;2;7;9;11;48;2;6;10;11m🬭[38;2;7;8;10;48;2;6;9;10m🬋[38;2;6;8;10;48;2;5;8;10m🬄[38;2;4;8;9;48;2;4;9;10m🬉[38;2;177;177;180;48;2;8;11;12m🬂[38;2;41;42;43;48;2;4;8;10m🬀[38;2;5;9;10;48;2;5;9;11m🬆🬃[0m[38;2;5;9;10m██████[38;2;5;9;11;48;2;5;9;10m🬂[38;2;5;8;11;48;2;5;9;9m🬂[38;2;5;9;10;48;2;5;9;11m🬑🬆[38;2;5;9;12;48;2;5;9;10m🬋[38;2;5;9;11;48;2;5;9;12m🬐[48;2;5;9;10m🬐[38;2;5;9;10;48;2;5;9;11m🬓[38;2;5;9;11m🬃🬃[48;2;5;9;10m🬐[38;2;5;9;10;48;2;5;9;11m🬱[38;2;5;9;11m🬃[48;2;5;9;10m🬠[38;2;5;9;12;48;2;5;9;11m🬃[38;2;5;9;11;48;2;5;9;10m🬂[38;2;6;10;11;48;2;5;9;11m🬚[38;2;5;9;11m🬃🬃[38;2;6;8;10m🬉[38;2;6;9;11;48;2;5;8;10m🬓[38;2;5;9;11;48;2;5;9;10m🬑[38;2;5;9;10;48;2;5;9;11m🬱[0m[38;2;5;9;10m█[48;2;5;9;11m🬭[48;2;5;9;12m🬭[48;2;5;9;11m🬁[38;2;5;9;12m🬚[0m[38;2;5;9;11m█[48;2;5;9;10m🬄🬇[38;2;5;10;10m🬇[38;2;71;73;75;48;2;15;17;19m🬞[38;2;7;9;11;48;2;176;177;179m🬂[38;2;8;9;11m🬂[38;2;6;8;11;48;2;175;176;177m🬂[38;2;8;9;11;48;2;176;177;178m🬂[48;2;143;144;146m🬂[48;2;8;8;10m🬃[38;2;7;9;11;48;2;6;9;11m🬟[38;2;6;8;10;48;2;5;9;10m🬭[0m[38;2;6;9;10m█[38;2;5;9;10;48;2;5;10;11m🬁[0m[38;2;5;9;11m█[38;2;4;8;9;48;2;5;9;10m🬉[38;2;246;246;246;48;2;40;43;44m🬁[48;2;30;32;34m🬂[48;2;31;34;36m🬂[38;2;247;247;247m🬂[38;2;246;246;246;48;2;30;34;36m🬂[48;2;31;34;36m🬂[38;2;246;246;247;48;2;32;35;37m🬂[38;2;247;247;247m🬂[38;2;246;246;247;48;2;31;34;37m🬂[38;2;246;246;246;48;2;31;34;36m🬂[38;2;246;247;247m🬂[38;2;245;246;247;48;2;17;21;22m🬀[38;2;5;9;10;48;2;6;9;10m🬢[38;2;6;10;11;48;2;5;9;11m🬃[38;2;5;9;11m🬃[48;2;5;9;10m🬓🬱🬉[38;2;7;9;11;48;2;6;8;10m🬍[38;2;9;10;12;48;2;8;9;11m🬃[0m
[38;2;6;9;11;48;2;8;9;11m🬂[48;2;7;9;11m🬞[38;2;6;8;10;48;2;5;9;11m🬄[38;2;5;9;11;48;2;5;9;12m🬞[48;2;5;9;11m🬃[38;2;5;9;10m🬇[38;2;5;9;11;48;2;5;8;11m🬏[38;2;5;9;12;48;2;5;9;11m🬃[38;2;5;9;11;48;2;5;9;12m🬏[38;2;5;9;10m🬂[38;2;5;9;11;48;2;5;9;10m🬓🬠[0m[38;2;5;9;12m█[38;2;5;9;10;48;2;5;9;11m🬉[38;2;5;9;12;48;2;5;9;10m🬭[38;2;5;9;10;48;2;5;9;12m🬂[38;2;5;8;12;48;2;5;9;11m🬓[0m[38;2;5;9;11m█[48;2;5;9;11m🬃[38;2;5;9;12;48;2;5;9;10m🬂[38;2;5;9;11;48;2;5;9;12m🬁[38;2;5;9;12;48;2;5;9;11m🬱[38;2;5;9;11;48;2;5;9;12m🬀[38;2;5;9;12;48;2;5;9;11m🬃[38;2;5;9;10m🬦[38;2;5;9;9;48;2;5;9;10m🬃[0m[38;2;5;9;10m█[38;2;5;9;11;48;2;5;8;11m🬓[48;2;5;9;11m🬃[38;2;5;9;10m🬏[0m[38;2;5;9;10m█[38;2;6;9;11;48;2;5;9;11m🬞[38;2;5;8;13;48;2;5;8;11m🬇[38;2;5;9;10m🬂[38;2;5;9;12m🬃[38;2;5;9;10;48;2;5;9;11m🬌[48;2;5;8;11m🬅[38;2;5;9;11;48;2;5;9;11m🬃[38;2;5;9;10m🬭🬂[38;2;5;9;12;48;2;5;9;10m🬭[38;2;5;9;11;48;2;5;9;11m🬃🬃[38;2;5;9;10;48;2;5;9;10m🬃[38;2;5;9;11m🬁[38;2;61;63;66;48;2;11;14;16m🬞[38;2;63;64;66;48;2;19;22;23m🬞[38;2;92;94;96;48;2;40;41;43m🬦[38;2;184;184;186;48;2;183;185;186m🬠[38;2;183;184;186;48;2;184;185;187m🬏[38;2;184;185;187;48;2;185;186;188m🬆[38;2;185;186;188m🬃[38;2;117;118;120;48;2;171;172;174m🬉[38;2;62;63;65;48;2;21;21;23m🬞[38;2;63;64;66;48;2;20;21;23m🬞[48;2;21;22;24m🬏[38;2;64;64;66m🬞[38;2;63;64;66;48;2;20;22;24m🬏[38;2;62;64;66;48;2;19;22;23m🬏[38;2;60;63;64;48;2;18;22;23m🬞[38;2;38;41;42;48;2;6;9;10m🬏[38;2;6;9;11;48;2;5;9;10m🬏[38;2;6;10;11m🬃[38;2;5;9;11m🬠[48;2;5;9;11m🬃[38;2;5;9;12m🬂[48;2;5;9;10m🬆🬀[0m[38;2;5;9;11m█[38;2;5;9;12;48;2;5;9;11m🬇[38;2;5;9;9m🬭[38;2;5;9;12m🬂[38;2;5;9;11m🬃🬃[48;2;5;9;10m🬏[0m[38;2;5;9;10m███[38;2;6;9;11;48;2;5;9;10m🬠[38;2;7;9;11;48;2;8;9;11m🬏[0m
[38;2;7;8;10;48;2;8;9;11m🬭[38;2;6;9;11;48;2;5;9;10m🬀[0m[38;2;5;9;10m█[38;2;5;9;11;48;2;5;9;10m🬂🬀[38;2;5;8;12m🬁[38;2;5;9;12m🬂[0m[38;2;5;9;11m█[48;2;5;9;11m🬃[38;2;5;8;11;48;2;5;9;10m🬄[38;2;5;9;12;48;2;5;8;11m🬃[48;2;5;9;11m🬇[0m[38;2;5;9;12m█[38;2;7;8;10;48;2;5;8;11m🬦[48;2;5;9;11m🬓[38;2;5;9;10m🬓[38;2;5;9;11;48;2;5;9;10m🬓[38;2;6;9;10m🬞[38;2;7;9;10;48;2;5;9;11m🬱[38;2;5;9;11;48;2;7;8;10m🬂[0m[38;2;5;9;11m█[38;2;5;9;12;48;2;6;10;12m🬆[38;2;5;9;11;48;2;5;9;12m🬩[38;2;5;9;10;48;2;5;9;11m🬇🬋[38;2;5;9;11;48;2;5;9;12m🬞[38;2;5;9;10;48;2;5;9;11m🬦🬏[38;2;5;9;11;48;2;5;9;10m🬖[38;2;5;9;10;48;2;5;9;11m🬞[0m[38;2;5;9;10m█[38;2;7;8;12;48;2;5;9;11m🬂[38;2;7;9;12m🬀[38;2;5;9;11;48;2;5;9;12m🬏[38;2;5;9;12;48;2;5;9;11m🬩[48;2;5;9;10m🬓[38;2;5;9;11m🬞🬀[38;2;5;9;12;48;2;5;9;11m🬇[38;2;6;10;11;48;2;5;9;10m🬇[38;2;5;9;11m🬦[38;2;5;8;13;48;2;5;9;11m🬦[38;2;5;9;11;48;2;6;9;11m🬀[38;2;6;9;11;48;2;5;9;10m🬏[38;2;6;10;11m🬇[38;2;79;79;82;48;2;157;158;160m🬄[38;2;185;186;188;48;2;185;186;188m🬃[48;2;184;185;187m🬃[38;2;183;184;186m🬏[38;2;184;185;187;48;2;185;186;188m🬀[0m[38;2;185;186;188m█[38;2;184;185;187;48;2;184;185;187m🬃[38;2;183;184;186;48;2;183;184;186m🬃[38;2;184;185;187m🬦[48;2;184;185;187m🬃[38;2;185;185;187m🬭🬭[38;2;184;185;187m🬃[38;2;183;184;186m🬁[48;2;185;186;188m🬂[38;2;111;112;113;48;2;35;36;38m🬄[38;2;6;9;11;48;2;7;10;11m🬂[38;2;8;9;11;48;2;6;9;10m🬓[38;2;5;9;11;48;2;5;9;10m🬈[38;2;5;9;12;48;2;5;9;11m🬃[38;2;6;10;11;48;2;5;9;10m🬃[38;2;5;9;11;48;2;5;9;11m🬃[48;2;5;9;10m🬞[38;2;5;9;10;48;2;5;9;11m🬄[38;2;5;9;12;48;2;5;9;10m🬋[38;2;7;8;10;48;2;4;9;10m🬦[0m[38;2;5;9;11m█[38;2;6;10;11;48;2;5;9;10m🬃[0m[38;2;5;9;10m█[48;2;5;9;11m🬏[0m[38;2;5;9;10m██[48;2;5;9;10m🬃🬃[38;2;7;9;11;48;2;8;8;11m🬄[0m
[38;2;7;8;10;48;2;7;8;10m🬃[38;2;8;9;11;48;2;8;9;11m🬃[38;2;7;10;11;48;2;5;9;10m🬆[38;2;5;9;11m🬏[38;2;5;9;10;48;2;5;9;11m▌🬠[38;2;5;9;11m🬃[38;2;5;9;10m🬓🬩[38;2;5;9;11;48;2;5;9;10m🬭[0m[38;2;6;8;10m█[48;2;5;9;11m🬦[38;2;127;81;85;48;2;8;9;11m🬞[38;2;133;80;84;48;2;5;8;11m🬭[38;2;134;81;85;48;2;6;9;11m🬭🬭[38;2;133;82;86;48;2;6;9;10m🬭[38;2;132;80;84;48;2;6;9;11m🬭[38;2;132;79;84;48;2;7;8;12m🬭[38;2;134;82;86;48;2;8;9;11m🬭[38;2;133;82;86;48;2;6;9;13m🬭[38;2;133;81;85m🬭[38;2;134;82;86;48;2;5;9;12m🬭[48;2;18;16;19m🬏[38;2;6;9;9;48;2;5;9;11m🬏[38;2;5;9;10m🬞🬇[38;2;5;9;11;48;2;5;9;12m🬚[38;2;5;9;10;48;2;5;9;11m🬦[0m[38;2;5;9;10m█[38;2;4;8;11;48;2;5;9;11m🬞[38;2;5;9;10m🬉🬂🬧[38;2;5;9;11;48;2;5;9;10m🬱[38;2;5;9;10;48;2;5;9;11m🬃[38;2;5;9;11m🬃[38;2;5;9;10m🬁[38;2;5;9;11m🬃[48;2;5;9;12m🬚[48;2;5;9;10m🬃[38;2;5;9;10;48;2;6;8;10m🬂[38;2;78;80;82;48;2;7;10;11m🬦[38;2;21;23;25;48;2;185;185;187m🬂[38;2;20;23;24;48;2;184;185;187m🬂[38;2;85;87;90;48;2;185;186;188m🬀[38;2;185;186;188m🬃[38;2;184;186;187m🬉[38;2;184;185;186;48;2;184;185;188m🬀[0m[38;2;185;186;188m██[38;2;184;185;188;48;2;185;186;188m🬁[0m[38;2;184;185;188m█[38;2;184;185;187;48;2;185;186;188m🬂[0m[38;2;185;186;188m█[38;2;184;185;187;48;2;185;186;188m🬁[38;2;185;186;188;48;2;185;185;187m🬃[48;2;184;185;187m🬃[38;2;184;185;187;48;2;185;186;188m🬞[38;2;185;186;188;48;2;184;185;187m🬁[38;2;21;22;24;48;2;168;169;171m🬁[38;2;23;24;26;48;2;185;186;188m🬂[38;2;184;185;187;48;2;55;56;58m🬓[38;2;6;8;10;48;2;6;9;10m🬓[0m[38;2;6;10;11m█[38;2;5;9;11m█[38;2;5;9;9;48;2;5;9;11m🬁[38;2;5;9;10;48;2;5;8;11m🬀[48;2;5;9;12m🬋[38;2;5;9;11;48;2;5;9;10m🬁[48;2;5;9;11m🬃[38;2;5;8;11;48;2;5;9;10m🬭[38;2;6;9;10;48;2;5;9;11m🬞[38;2;5;9;10;48;2;7;8;10m🬂[38;2;6;8;10;48;2;7;9;11m🬭[38;2;7;9;11;48;2;5;9;10m🬄[0m[38;2;5;9;10m█[38;2;5;9;12;48;2;5;9;10m🬏[38;2;5;8;11;48;2;5;8;10m🬁[38;2;7;8;12;48;2;8;9;11m🬂[0m
[38;2;7;8;10;48;2;7;8;10m🬃[38;2;6;10;11m🬭[38;2;5;8;10;48;2;7;9;11m🬍[38;2;6;8;10;48;2;5;8;10m🬏[0m[38;2;5;9;11m█[38;2;5;9;10;48;2;5;9;11m🬂🬉[48;2;5;8;11m🬂[48;2;5;9;11m🬀[38;2;5;9;12;48;2;5;9;10m🬆[48;2;5;9;11m🬇[38;2;5;8;10;48;2;5;9;10m🬦[38;2;28;17;19;48;2;230;137;140m▌[38;2;233;132;137;48;2;232;132;136m🬃[38;2;233;134;136;48;2;232;133;136m🬁[38;2;233;132;139m🬭[38;2;232;132;136;48;2;232;133;138m🬄[38;2;231;131;135;48;2;232;132;138m🬁[48;2;232;132;137m🬂[38;2;231;133;138;48;2;230;134;136m🬭[38;2;231;135;136;48;2;233;133;138m🬆[38;2;231;134;136;48;2;233;134;138m🬂[38;2;230;134;138;48;2;232;133;137m🬞[38;2;104;64;67;48;2;196;115;118m🬉[38;2;7;8;11;48;2;7;9;12m🬭[38;2;5;9;11;48;2;7;8;10m🬠[38;2;5;9;12;48;2;5;9;11m🬓[38;2;5;9;11;48;2;5;9;10m🬦[38;2;5;9;9;48;2;5;9;11m🬁[38;2;5;9;10m🬂[38;2;5;9;12m🬃[0m[38;2;5;9;12m█[38;2;5;9;11;48;2;5;9;11m🬃🬃[38;2;5;9;10m🬞[38;2;5;8;11;48;2;5;9;10m🬀[38;2;5;9;11m🬐🬞🬇[38;2;5;9;10;48;2;5;9;11m🬄[0m[38;2;5;9;11m█[38;2;5;8;10;48;2;5;9;11m🬍[38;2;76;79;82;48;2;16;20;21m🬉[38;2;114;114;116;48;2;167;168;170m🬏[38;2;114;115;117m🬏[38;2;113;114;117;48;2;168;169;171m🬞🬏[38;2;115;116;118;48;2;168;169;172m🬞🬏🬞[38;2;115;116;119;48;2;169;170;172m🬞🬏🬏[38;2;116;117;119m🬞[38;2;115;116;118m🬏🬞[48;2;168;169;171m🬏[38;2;115;116;119;48;2;168;169;172m🬞[38;2;115;115;119m🬞[38;2;113;114;118;48;2;167;168;171m🬞[38;2;115;116;118;48;2;168;169;171m🬏[38;2;114;115;118m🬞[38;2;157;158;160;48;2;85;86;88m▌[38;2;6;8;10;48;2;5;9;10m🬏[38;2;5;9;10;48;2;8;9;12m🬭[38;2;7;9;12;48;2;5;9;11m🬄[38;2;5;9;11;48;2;5;9;10m🬄🬭[0m[38;2;5;9;11m█[38;2;5;9;10;48;2;5;9;11m🬀🬏🬇[38;2;6;10;11m🬇[38;2;7;9;10;48;2;5;9;10m🬭[38;2;6;8;10;48;2;5;9;11m🬭[38;2;7;10;11;48;2;5;9;10m🬦[38;2;8;9;11;48;2;5;9;11m🬭[38;2;6;10;11;48;2;5;9;10m🬏[0m[38;2;6;9;10m█[38;2;8;9;11;48;2;8;9;12m🬀[0m
[38;2;6;9;11;48;2;5;9;11m🬀[0m[38;2;6;9;11m█[38;2;6;9;10;48;2;5;9;10m🬄[0m[38;2;5;9;11m█[38;2;5;9;12;48;2;5;9;10m🬐[38;2;5;8;11;48;2;5;8;12m🬭[38;2;5;9;11;48;2;5;9;10m🬭🬋🬠[0m[38;2;5;9;10m█[38;2;5;8;9;48;2;6;8;10m🬏[38;2;58;38;40;48;2;190;110;117m🬂[38;2;87;52;55;48;2;232;133;136m🬀[38;2;108;63;66;48;2;225;127;132m🬦[38;2;184;108;112;48;2;22;13;16m🬂[38;2;231;136;143;48;2;232;133;138m🬏[38;2;232;131;136;48;2;233;132;137m🬱[48;2;232;132;138m🬭[38;2;234;132;138;48;2;233;132;138m🬇[38;2;233;133;139m🬭[38;2;234;132;139m🬦[38;2;10;8;12;48;2;153;90;94m🬦[38;2;36;22;23;48;2;218;130;134m🬓[38;2;138;83;89;48;2;232;134;138m🬁[38;2;68;44;47;48;2;222;132;137m🬂[38;2;12;6;9;48;2;7;7;10m🬏[38;2;7;8;10;48;2;6;9;11m🬃[38;2;6;10;11;48;2;5;9;11m🬃[0m[38;2;5;9;10m█[38;2;5;9;11;48;2;5;9;11m🬃[38;2;6;10;11;48;2;5;9;10m🬃[38;2;5;9;11m🬆[38;2;5;9;10;48;2;5;9;12m🬆[0m[38;2;5;9;11m█[48;2;5;9;11m🬃[38;2;6;10;11m🬃[38;2;5;9;11;48;2;5;9;10m🬓[38;2;5;9;12;48;2;5;9;11m🬉[48;2;6;8;12m🬇[48;2;5;9;11m🬃[38;2;5;9;11;48;2;5;9;12m🬂[48;2;5;9;10m🬑[38;2;5;8;10;48;2;4;9;11m🬁[38;2;5;9;10;48;2;5;8;10m🬃[38;2;5;9;11;48;2;5;9;10m🬃[38;2;5;8;10;48;2;5;9;12m🬂[38;2;5;8;12;48;2;5;8;10m🬓[38;2;6;8;10;48;2;5;8;11m🬀[38;2;5;9;11;48;2;5;8;10m🬚[0m[38;2;5;8;11m█[38;2;5;8;10;48;2;5;9;11m🬁[38;2;6;8;10;48;2;5;8;11m🬀🬀[38;2;5;9;12m🬃[38;2;5;8;10;48;2;5;9;11m🬀[38;2;6;8;10;48;2;5;9;10m🬀[38;2;6;9;10m🬂[38;2;6;8;10;48;2;5;9;11m🬀[38;2;6;8;11m🬁[38;2;6;10;11;48;2;5;8;10m🬱[38;2;5;8;10;48;2;5;9;11m🬁[38;2;4;9;10m🬠[38;2;6;8;10;48;2;5;8;11m🬭[38;2;6;8;11;48;2;5;9;10m🬏[38;2;5;9;11;48;2;5;9;11m🬃[38;2;5;9;12;48;2;5;9;10m🬆[38;2;5;9;11;48;2;5;9;11m🬃[38;2;5;9;12m🬏[38;2;5;9;11;48;2;5;9;10m🬦[38;2;5;9;10;48;2;5;9;11m🬐[38;2;5;9;11;48;2;5;9;10m🬓[48;2;5;9;11m🬃[48;2;5;9;10m🬚[38;2;5;7;9;48;2;5;8;10m🬇[38;2;174;174;175;48;2;42;43;45m🬉[38;2;55;56;56;48;2;12;15;17m🬀[38;2;6;9;10;48;2;5;9;10m🬀[38;2;5;9;10m🬃[0m[38;2;6;9;10m█[38;2;6;10;11;48;2;8;9;11m🬏[0m
[38;2;6;10;11m█[38;2;5;9;10;48;2;6;10;11m🬀[38;2;5;9;11;48;2;5;9;10m🬉🬆🬄🬠[0m[38;2;5;9;12m█[38;2;5;9;10;48;2;5;9;11m🬞[38;2;5;9;11;48;2;5;9;10m🬀[38;2;5;9;10;48;2;4;9;10m🬀[38;2;6;7;9;48;2;5;8;10m🬉[38;2;57;36;40;48;2;190;108;116m🬭[38;2;78;46;49;48;2;231;132;136m🬏[38;2;226;131;136;48;2;232;132;136m🬁[38;2;223;131;136;48;2;230;133;137m🬀[38;2;232;132;136;48;2;232;133;137m🬃[38;2;232;132;138;48;2;232;132;136m🬭[38;2;232;131;135;48;2;232;131;137m🬄[0m[38;2;233;132;137m█[48;2;232;132;136m🬏[38;2;233;132;138;48;2;232;133;137m🬂[38;2;224;133;139;48;2;232;134;139m🬁[38;2;225;132;138;48;2;232;132;137m🬀[38;2;136;84;85;48;2;232;133;137m🬞[38;2;66;44;47;48;2;225;133;138m🬭[38;2;12;4;8;48;2;6;8;10m🬃[38;2;5;9;11;48;2;5;9;11m🬃[38;2;5;9;10;48;2;5;9;10m🬃[48;2;5;9;11m🬆[38;2;6;10;11m🬞[38;2;5;9;10;48;2;6;10;11m🬀[38;2;6;9;12;48;2;5;9;11m🬦[38;2;7;9;10;48;2;6;9;13m🬦[48;2;5;9;11m🬃[38;2;5;9;10m🬇🬈[38;2;5;9;12m🬄[38;2;5;9;11;48;2;6;10;11m🬂[38;2;6;9;12;48;2;5;9;10m🬂[38;2;5;9;11;48;2;5;9;11m🬃[48;2;5;9;12m🬭[38;2;5;9;10;48;2;5;9;11m🬏[38;2;5;9;11m🬃[38;2;5;9;10m🬂[38;2;5;8;11;48;2;6;9;12m🬓[38;2;6;8;11;48;2;5;8;13m▌[38;2;6;9;13;48;2;5;9;11m🬄[38;2;5;9;11;48;2;6;10;11m🬂[38;2;5;9;10;48;2;5;9;11m🬱[38;2;5;9;11m🬃[38;2;6;10;11;48;2;5;9;10m🬃[38;2;5;9;10;48;2;5;9;11m🬏[38;2;6;10;11m🬉[38;2;5;9;12m🬏[38;2;6;8;10;48;2;5;9;10m🬦[38;2;157;158;158;48;2;7;9;11m🬦[38;2;153;154;156;48;2;5;8;10m🬓[38;2;6;8;10m🬄[0m[38;2;5;9;11m█[38;2;6;10;11;48;2;5;9;10m🬃[48;2;5;9;11m🬃[38;2;5;9;12m🬀[38;2;7;9;10m🬁[38;2;6;8;10m🬀[38;2;5;9;11;48;2;5;9;10m🬆🬏[48;2;5;9;11m🬃[38;2;5;9;12m🬃[38;2;5;9;11m🬃[0m[38;2;5;9;10m█[38;2;5;9;11;48;2;5;9;11m🬃[0m[38;2;5;9;11m█[38;2;5;9;12;48;2;5;9;11m🬄[38;2;5;8;10m🬁[38;2;6;8;10;48;2;5;9;10m🬀[38;2;5;9;10;48;2;5;9;9m🬇[38;2;5;9;9;48;2;5;9;11m🬭[38;2;5;9;11;48;2;5;9;10m🬌[38;2;5;10;11m🬇[38;2;6;10;11;48;2;8;9;11m▌[0m
[38;2;7;9;11;48;2;6;9;11m🬋[38;2;6;10;11m🬇[48;2;6;9;10m🬃[38;2;7;8;10m🬦[48;2;5;9;10m🬓[38;2;5;8;12;48;2;5;8;11m🬦[38;2;5;8;13;48;2;5;9;11m🬓[38;2;5;9;11;48;2;5;9;10m🬋🬩[38;2;5;9;10;48;2;5;9;12m🬂[0m[38;2;5;9;10m█[38;2;7;8;10;48;2;5;9;10m🬂[38;2;25;15;17;48;2;228;135;139m▌[38;2;231;131;134;48;2;233;132;136m🬞[0m[38;2;233;133;137m█[38;2;232;133;138;48;2;232;132;137m▌[38;2;233;130;135;48;2;232;132;136m🬞[38;2;233;130;134;48;2;232;131;136m🬭[38;2;232;131;135m🬓[38;2;233;133;137;48;2;232;132;137m🬞[38;2;232;133;138;48;2;232;134;136m🬅[48;2;232;134;137m🬂[38;2;230;135;136;48;2;232;133;137m🬞[38;2;102;62;65;48;2;196;114;117m🬦[38;2;7;8;12;48;2;5;9;10m▌[38;2;5;9;10;48;2;6;9;10m🬄[0m[38;2;6;10;11m█[38;2;5;9;10;48;2;5;9;10m🬃[38;2;6;10;11;48;2;5;9;11m🬭[0m[38;2;5;9;10m█[48;2;5;9;10m🬃[38;2;203;202;204;48;2;11;14;15m🬞[38;2;203;204;205;48;2;10;12;14m🬏[38;2;6;8;10;48;2;5;9;10m🬓[38;2;5;9;11m🬅[48;2;5;9;11m🬃[38;2;5;9;10m🬇[38;2;6;10;11m🬇[38;2;5;9;12m🬓[48;2;5;9;10m🬞[38;2;5;9;10m🬃[0m[38;2;5;9;11m█[48;2;5;9;11m🬃[38;2;7;9;10;48;2;5;9;10m🬭[38;2;7;8;10;48;2;5;9;11m🬏[38;2;5;9;10m🬞[38;2;6;10;11;48;2;6;9;10m🬃[48;2;6;9;11m🬃[0m[38;2;5;9;11m█[38;2;5;9;10;48;2;5;9;11m🬓[38;2;5;9;11;48;2;5;9;10m🬐[0m[38;2;5;9;10m█[38;2;5;9;11;48;2;5;9;11m🬃[38;2;5;9;12m🬃[38;2;5;9;10m🬠[38;2;5;9;11;48;2;5;8;10m🬃[38;2;5;9;10;48;2;5;9;11m🬃[38;2;5;9;11m🬃[0m[38;2;5;9;11m█[38;2;5;9;10m█[38;2;6;10;11m█[38;2;5;9;10;48;2;5;9;11m🬇[38;2;6;10;11;48;2;5;9;10m🬃[38;2;8;9;11m🬦[38;2;7;9;11;48;2;5;9;11m🬓[38;2;5;9;10m🬦[48;2;5;9;10m🬃[38;2;5;9;12;48;2;5;9;11m🬉[38;2;5;9;11;48;2;5;9;12m🬏[38;2;5;9;10;48;2;5;9;11m🬟[0m[38;2;5;9;10m█[38;2;6;10;11;48;2;5;9;10m🬇[48;2;6;9;10m🬃[38;2;5;9;10;48;2;6;8;10m🬂[38;2;7;8;10;48;2;5;9;10m🬓[0m[38;2;5;9;10m█[38;2;5;9;11;48;2;5;9;10m🬃[0m[38;2;5;9;10m█[38;2;5;9;11;48;2;5;9;10m🬦[38;2;7;8;10;48;2;8;9;11m🬌[0m
[38;2;5;9;10;48;2;7;8;10m🬂[38;2;8;9;11;48;2;6;9;11m🬱[38;2;8;10;11;48;2;8;9;11m🬃[38;2;6;9;11;48;2;7;9;11m🬦[38;2;7;9;10;48;2;5;9;10m🬄[38;2;6;10;11;48;2;5;9;11m🬞[38;2;6;9;12;48;2;6;10;11m🬀[38;2;6;10;11;48;2;6;9;10m🬃[38;2;7;9;11;48;2;6;10;11m🬆[38;2;6;9;13;48;2;5;9;11m🬆[0m[38;2;5;9;10m█[38;2;6;8;10;48;2;5;9;10m🬦[38;2;26;15;18;48;2;228;136;140m▌[38;2;108;65;66;48;2;214;122;125m🬦[38;2;121;74;77;48;2;18;13;16m🬂[38;2;229;136;143;48;2;230;134;139m🬏[38;2;132;78;82;48;2;47;31;36m▌[38;2;115;71;74;48;2;6;8;10m🬂[38;2;114;72;75;48;2;5;9;10m🬂[38;2;122;76;80;48;2;17;14;16m🬂[38;2;228;136;139;48;2;232;133;138m🬏[38;2;6;9;11;48;2;125;77;79m🬦[38;2;66;43;46;48;2;230;138;140m▌[38;2;104;63;65;48;2;197;115;117m🬉[38;2;8;7;12;48;2;8;9;12m🬄[38;2;8;9;11;48;2;6;9;11m▌[38;2;6;10;11;48;2;5;9;10m🬃🬃[0m[38;2;5;9;11m█[38;2;6;10;11m█[38;2;5;9;10;48;2;5;9;11m🬅[38;2;5;9;11;48;2;11;14;16m🬃[38;2;5;10;11;48;2;10;13;15m🬇[38;2;6;9;10;48;2;5;10;11m🬀[38;2;6;10;11;48;2;5;9;10m🬃🬃[38;2;5;9;11;48;2;5;9;11m🬃[38;2;6;10;12m🬀[38;2;5;9;12;48;2;6;10;11m🬂[48;2;5;9;10m🬁[0m[38;2;5;9;10m█[38;2;5;9;11;48;2;5;9;10m🬂[48;2;5;9;11m🬃[38;2;5;9;10;48;2;6;10;11m🬃[38;2;6;10;11;48;2;8;9;12m▌[38;2;9;10;13;48;2;8;9;11m🬭[38;2;6;9;10m🬁[48;2;7;9;11m🬐[38;2;7;9;11;48;2;8;9;12m🬞[0m[38;2;6;10;11m██[48;2;5;9;10m🬃[38;2;5;9;10;48;2;6;10;11m🬁[38;2;6;10;10;48;2;5;9;10m🬃[38;2;6;10;11;48;2;5;9;11m🬞[38;2;6;10;12;48;2;5;9;10m🬞[38;2;6;10;13;48;2;5;8;13m🬏[38;2;6;9;13;48;2;8;9;13m🬆[38;2;6;10;12;48;2;7;9;11m🬂[0m[38;2;6;10;11m█[38;2;5;9;11;48;2;5;9;11m🬃[38;2;5;9;12m🬇[38;2;6;8;10m🬁[38;2;8;9;11;48;2;6;9;11m🬂[38;2;7;9;11;48;2;6;10;11m🬄[38;2;5;9;10m🬀🬏[0m[38;2;6;10;11m█[48;2;5;9;11m🬏[38;2;5;9;11m🬃[48;2;5;9;10m🬂[48;2;5;9;11m🬃[38;2;8;9;12;48;2;7;9;12m🬇[38;2;7;9;11;48;2;6;9;11m🬐[0m[38;2;6;10;11m█[48;2;5;9;11m🬃[38;2;5;9;10;48;2;5;10;11m🬂[38;2;8;9;11;48;2;5;9;10m🬭[38;2;5;9;10;48;2;8;9;11m🬆[38;2;8;9;11m🬃[0m
[38;2;94;94;96;48;2;16;18;20m🬞[38;2;88;88;89;48;2;15;16;18m🬏[38;2;75;75;77;48;2;8;9;11m🬞[38;2;87;87;88;48;2;6;9;10m🬭[0m[38;2;5;9;10m█[38;2;101;103;105;48;2;19;22;24m🬞[38;2;63;65;68;48;2;6;9;11m🬏[38;2;64;64;66;48;2;10;11;14m🬞[38;2;104;105;106;48;2;17;20;22m🬏[38;2;42;42;45;48;2;6;9;10m🬞[38;2;88;89;91;48;2;21;24;26m🬞[38;2;39;40;43;48;2;5;8;10m🬏[38;2;227;141;145;48;2;58;51;53m🬉[38;2;232;138;142;48;2;76;56;56m🬄[38;2;70;70;71;48;2;15;11;14m🬞[38;2;94;89;90;48;2;227;134;140m🬭[38;2;106;64;68;48;2;14;14;17m🬄[38;2;94;95;97;48;2;24;25;27m🬞[38;2;49;51;53;48;2;5;9;10m🬏[38;2;102;101;103;48;2;26;24;25m🬞[38;2;56;50;52;48;2;223;133;139m🬭[38;2;84;72;74;48;2;33;23;25m🬢[38;2;46;36;38;48;2;184;128;130m🬣[38;2;227;136;137;48;2;59;39;40m🬄[38;2;103;104;104;48;2;24;25;27m🬞[38;2;47;48;51;48;2;7;9;11m🬏[38;2;96;96;97;48;2;17;20;21m🬞[38;2;70;71;72;48;2;11;12;14m🬏[38;2;72;73;74;48;2;8;9;11m🬞[38;2;99;100;100;48;2;20;22;24m🬏[38;2;7;8;10;48;2;12;13;15m🬃[38;2;93;95;98;48;2;21;24;26m🬞[38;2;50;51;54;48;2;5;8;10m🬏[38;2;85;86;89;48;2;14;17;19m🬞[38;2;87;88;89;48;2;13;16;17m🬏[38;2;45;48;49;48;2;6;8;10m🬞[38;2;94;95;96;48;2;23;26;28m🬏[38;2;5;9;11;48;2;11;14;15m🬃[38;2;94;94;95;48;2;18;20;22m🬞[38;2;70;71;72;48;2;10;13;15m🬏[38;2;54;54;56;48;2;6;9;11m🬞[38;2;95;95;95;48;2;21;23;25m🬏[38;2;6;8;10;48;2;9;11;13m🬃[38;2;92;93;94;48;2;17;20;21m🬞[38;2;73;74;77;48;2;10;12;14m🬏[38;2;53;56;57;48;2;7;9;11m🬞[38;2;95;96;97;48;2;23;25;27m🬏[38;2;6;8;10;48;2;9;12;14m🬃[38;2;100;101;102;48;2;18;21;23m🬞[38;2;69;71;73;48;2;9;12;14m🬏[38;2;51;54;55;48;2;5;9;11m🬞[38;2;95;96;97;48;2;20;23;25m🬏[38;2;6;9;11;48;2;9;12;14m🬇[38;2;93;94;94;48;2;17;20;22m🬞[38;2;72;74;74;48;2;10;13;14m🬏[38;2;52;55;57;48;2;6;9;10m🬞[38;2;96;96;98;48;2;22;25;27m🬏[38;2;6;8;11;48;2;11;12;15m🬃[38;2;97;98;99;48;2;18;20;22m🬞[38;2;73;75;76;48;2;9;13;14m🬏[38;2;51;53;55;48;2;5;9;10m🬞[38;2;95;95;97;48;2;22;24;26m🬏[38;2;5;10;10;48;2;9;12;14m🬇[38;2;91;92;94;48;2;16;20;21m🬞[38;2;75;75;78;48;2;10;13;15m🬏[38;2;48;50;53;48;2;5;8;10m🬞[38;2;90;91;93;48;2;22;26;27m🬏[38;2;5;9;10;48;2;10;14;15m🬇[38;2;94;94;96;48;2;16;18;21m🬞[38;2;81;82;83;48;2;11;14;16m🬏[38;2;46;49;50;48;2;5;9;12m🬞[38;2;89;91;92;48;2;22;26;27m🬏[38;2;6;8;11;48;2;12;14;17m🬃[38;2;84;84;86;48;2;14;16;19m🬞[38;2;86;87;89;48;2;13;16;18m🬏[38;2;5;9;11;48;2;12;15;17m🬇[38;2;87;87;88;48;2;26;26;29m🬞[38;2;41;41;43;48;2;8;9;11m🬏[38;2;100;100;101;48;2;19;20;22m🬞[38;2;83;84;86;48;2;13;14;16m🬏[0m
[38;2;213;213;214;48;2;48;49;51m🬉[38;2;208;208;208;48;2;39;39;41m🬄[38;2;159;160;161;48;2;11;12;15m🬉[38;2;12;12;15;48;2;203;204;203m🬭[38;2;5;6;9;48;2;16;17;20m🬃[38;2;9;12;13;48;2;201;201;201m🬭[38;2;160;161;161;48;2;9;11;13m🬄[38;2;196;196;197;48;2;22;24;26m🬉[38;2;9;11;12;48;2;176;176;178m🬭[38;2;82;82;84;48;2;14;16;18m🬁[38;2;9;13;14;48;2;212;213;212m🬭[38;2;96;96;97;48;2;6;7;9m🬄[38;2;12;13;15;48;2;179;179;179m🬭[38;2;199;200;200;48;2;23;24;26m🬄[38;2;171;171;172;48;2;11;12;14m🬉[38;2;11;13;14;48;2;201;201;201m🬭[38;2;68;69;71;48;2;16;18;19m🬁[38;2;11;14;15;48;2;212;213;213m🬭[38;2;118;118;118;48;2;7;8;10m🬄[38;2;11;11;14;48;2;170;171;172m🬭[38;2;202;202;203;48;2;28;28;31m🬄[38;2;168;168;169;48;2;11;13;15m🬉[38;2;8;12;13;48;2;198;199;199m🬭[38;2;57;58;60;48;2;13;15;16m🬁[38;2;8;12;13;48;2;213;213;213m🬭[38;2;113;113;114;48;2;6;6;9m🬄[38;2;10;11;14;48;2;169;169;171m🬭[38;2;199;199;199;48;2;23;25;27m🬄[38;2;173;173;175;48;2;12;14;17m🬉[38;2;9;12;14;48;2;198;198;198m🬭[38;2;61;61;64;48;2;13;16;18m🬁[38;2;13;14;16;48;2;212;212;212m🬭[38;2;122;122;123;48;2;5;7;9m🬄[38;2;217;217;218;48;2;47;49;51m🬉[38;2;215;216;216;48;2;40;42;44m🬄[38;2;110;110;112;48;2;19;21;23m🬁[38;2;9;13;13;48;2;215;216;216m🬭[38;2;80;80;81;48;2;14;16;18m🬀[38;2;9;13;14;48;2;169;169;170m🬭[38;2;204;204;204;48;2;28;30;32m🬄[38;2;122;122;124;48;2;5;8;10m🬉[38;2;10;13;14;48;2;210;210;210m🬭[38;2;64;64;67;48;2;10;12;14m🬀[38;2;32;33;35;48;2;183;183;183m🬱[38;2;206;207;207;48;2;34;35;36m🬄[38;2;126;125;126;48;2;8;8;10m🬉[38;2;12;14;15;48;2;213;213;214m🬭[38;2;66;67;69;48;2;11;13;15m🬀[38;2;9;13;15;48;2;173;174;175m🬭[38;2;198;198;198;48;2;26;28;29m🬄[38;2;128;128;130;48;2;7;8;11m🬉[38;2;12;12;14;48;2;209;209;209m🬭[38;2;60;60;61;48;2;10;12;14m🬀[38;2;32;33;35;48;2;188;188;188m🬱[38;2;204;205;204;48;2;30;31;32m🬄[38;2;125;125;128;48;2;6;7;9m🬉[38;2;13;14;16;48;2;213;213;213m🬭[38;2;62;63;65;48;2;11;12;14m🬀[38;2;34;36;38;48;2;184;184;185m🬱[38;2;204;204;205;48;2;27;30;32m🬄[38;2;114;115;116;48;2;5;8;10m🬉[38;2;8;11;13;48;2;209;209;209m🬭[38;2;65;65;67;48;2;11;13;14m🬀[38;2;28;30;32;48;2;180;180;181m🬱[38;2;207;208;208;48;2;33;33;35m🬄[38;2;110;110;113;48;2;18;20;22m🬁[38;2;10;13;15;48;2;215;215;216m🬭[38;2;75;75;77;48;2;13;15;17m🬀[38;2;216;217;217;48;2;49;51;53m🬉[38;2;211;211;212;48;2;34;36;38m🬄[38;2;98;99;100;48;2;18;19;21m🬁[38;2;9;12;14;48;2;214;214;215m🬭[38;2;80;80;82;48;2;13;15;17m🬀[38;2;212;212;211;48;2;43;43;45m🬉[38;2;215;215;215;48;2;45;45;46m🬄[38;2;89;89;92;48;2;16;17;19m🬁[38;2;9;13;14;48;2;212;213;213m🬭[38;2;88;88;89;48;2;6;7;9m🬄[38;2;216;216;217;48;2;53;53;55m🬉[38;2;210;210;210;48;2;34;34;36m🬄[0m
[38;2;8;9;11;48;2;7;8;10m🬇[38;2;7;9;11;48;2;5;9;10m🬂[38;2;6;8;10;48;2;8;9;11m🬭[38;2;7;9;11;48;2;5;9;10m🬄[38;2;5;10;11;48;2;5;9;11m🬀[38;2;5;9;11;48;2;5;9;12m🬂[38;2;5;9;12;48;2;5;9;11m🬃[38;2;5;9;10;48;2;5;8;11m🬁[38;2;6;8;10m🬁[38;2;5;9;11;48;2;5;9;10m🬏[38;2;5;8;11m🬑[38;2;5;9;11m🬁[38;2;7;8;11m🬀[38;2;6;8;10;48;2;5;8;11m🬂[38;2;5;8;10;48;2;5;9;10m🬀[38;2;5;8;11m🬅[38;2;6;8;10;48;2;6;9;10m🬀[0m[38;2;5;9;10m█[38;2;7;9;11;48;2;5;9;11m🬂[38;2;7;9;10m🬀[38;2;6;8;10m🬂[0m[38;2;5;9;10m███[38;2;8;9;11;48;2;5;9;11m🬃[38;2;7;8;11m🬂[38;2;6;8;10;48;2;5;8;11m🬀[38;2;5;9;10;48;2;5;9;11m🬄[38;2;5;9;12m▌[38;2;5;9;10m🬱[38;2;5;8;12m🬍[38;2;6;8;11m🬂[38;2;6;10;11;48;2;5;9;10m🬇[38;2;5;9;11m🬏🬉🬍🬄[0m[38;2;6;10;11m█[48;2;5;9;10m🬃[38;2;5;9;10;48;2;5;9;11m🬢[38;2;5;9;11m🬃[38;2;6;10;11m🬃[38;2;5;9;10;48;2;6;10;11m🬀[38;2;7;9;11;48;2;6;9;11m🬁🬀[48;2;6;9;10m🬄[38;2;5;9;11;48;2;5;9;10m🬃🬭[38;2;5;9;12;48;2;5;9;11m🬏[38;2;5;9;10;48;2;6;10;11m🬃[38;2;7;8;10;48;2;5;9;10m🬂[38;2;7;9;10m🬂[38;2;5;9;10;48;2;5;9;11m🬀[38;2;6;8;10;48;2;5;9;10m🬁[48;2;5;9;11m🬂🬀🬂[38;2;6;9;10m🬂[0m[38;2;5;9;11m█[48;2;5;9;9m🬱[48;2;5;9;10m🬠[38;2;5;9;10;48;2;5;9;11m🬅[38;2;5;8;11;48;2;5;9;10m🬋[0m[38;2;5;9;11m█[38;2;6;8;10;48;2;5;9;11m🬂[38;2;6;8;11;48;2;5;8;11m🬄[38;2;5;9;12;48;2;5;9;11m🬃[38;2;5;9;11m🬃[38;2;5;9;10;48;2;5;9;10m🬃[38;2;6;10;11m🬃[38;2;6;8;10;48;2;5;9;11m🬂[38;2;5;9;10m🬉[48;2;5;8;11m🬣[38;2;5;9;11;48;2;5;9;10m🬦[38;2;6;8;10;48;2;5;9;11m🬂[38;2;6;9;11;48;2;5;9;10m🬄[38;2;5;9;11m🬧[38;2;7;8;10m🬁[38;2;5;9;10;48;2;7;9;10m🬚[38;2;8;9;11;48;2;8;9;11m🬃[0m
[38;2;8;9;11;48;2;7;8;10m🬃[38;2;5;9;10m🬁[38;2;8;9;10;48;2;6;9;10m🬚[38;2;7;8;10;48;2;5;9;10m🬓[38;2;5;9;11m🬢[38;2;5;9;10;48;2;5;9;11m🬏🬭[38;2;5;8;12m🬇[38;2;8;8;13m🬚[38;2;5;9;10m🬄[0m[38;2;5;9;11m█[48;2;5;9;10m🬟[38;2;5;9;10;48;2;5;9;11m🬈[38;2;5;9;11m🬃[38;2;6;10;11m🬃[38;2;5;8;10m🬞[38;2;6;8;10;48;2;5;9;10m🬦[38;2;7;9;11;48;2;6;9;10m🬋[38;2;5;9;11;48;2;5;9;10m🬀[38;2;5;9;10m🬃[0m[38;2;5;9;10m█[38;2;5;9;11;48;2;5;9;10m▌[38;2;5;9;10;48;2;5;9;11m🬁[0m[38;2;5;9;11m█[48;2;5;9;10m🬐[38;2;5;9;10;48;2;5;9;11m🬋[38;2;5;9;11m🬃[48;2;5;9;10m🬭[48;2;5;9;11m🬃[38;2;6;10;11;48;2;5;9;10m🬃[0m[38;2;6;10;11m██[38;2;5;9;10m█[48;2;5;9;11m🬁[38;2;6;10;11;48;2;5;9;10m🬃🬃[38;2;5;9;11;48;2;6;10;11m🬦[38;2;5;9;10m🬏[38;2;6;10;11;48;2;5;9;10m🬃[0m[38;2;5;9;10m█[38;2;6;10;11m███[48;2;5;9;10m🬃[0m[38;2;5;9;11m█[38;2;5;9;10m█[38;2;6;10;11m█[38;2;5;9;11;48;2;6;10;11m🬁[0m[38;2;5;9;11m█[38;2;6;10;11;48;2;5;9;10m🬃[38;2;5;9;11m🬁🬀[38;2;5;9;10;48;2;6;10;11m🬀[0m[38;2;6;10;11m███[38;2;5;9;10;48;2;6;10;11m🬁[38;2;6;10;11;48;2;5;9;11m🬃🬃[38;2;5;9;10;48;2;5;9;10m🬃[48;2;5;9;11m🬭🬅[48;2;5;9;10m🬃[38;2;6;10;11m🬃[38;2;5;9;10;48;2;5;9;11m🬐[38;2;5;9;12;48;2;5;9;10m🬋[38;2;5;9;11;48;2;5;9;11m🬃🬃[38;2;6;10;11;48;2;5;9;10m🬇🬃[38;2;5;9;11;48;2;5;9;11m🬃[38;2;5;9;10m🬭[0m[38;2;5;9;10m█[38;2;5;9;11;48;2;5;9;11m🬃[38;2;7;10;11m🬞[38;2;5;9;10m🬉[38;2;5;9;11m🬃[48;2;5;9;10m🬄[38;2;6;9;11m🬁[38;2;7;9;11;48;2;6;9;11m🬂[0m
[38;2;8;9;11;48;2;8;9;11m🬃[38;2;8;9;10;48;2;8;9;12m🬋[38;2;8;9;11;48;2;7;9;11m🬏[38;2;6;10;11m🬂[38;2;7;9;10;48;2;5;9;11m🬓[38;2;5;9;10m🬂[38;2;5;9;11;48;2;5;9;10m🬌[38;2;5;9;10;48;2;5;9;12m▌[38;2;6;10;12;48;2;6;9;12m🬞[38;2;6;10;13;48;2;6;10;11m🬂[38;2;5;9;11;48;2;5;9;10m🬉[48;2;6;10;11m🬆🬂[0m[38;2;5;9;11m█[38;2;8;8;13;48;2;5;9;11m🬁[38;2;5;9;12;48;2;7;8;11m🬓[38;2;5;9;11;48;2;8;9;11m🬁[38;2;5;9;12m🬂[38;2;7;9;11;48;2;7;9;12m🬇[38;2;6;10;11;48;2;5;9;10m🬏[38;2;5;9;10m🬃[0m[38;2;5;9;10m█[38;2;5;9;11;48;2;5;9;11m🬃[48;2;5;9;10m🬄[38;2;7;9;11m🬦🬓[38;2;6;10;11;48;2;5;9;11m🬃[0m[38;2;6;10;11m██[38;2;6;10;12;48;2;6;10;11m🬞🬏[0m[38;2;6;10;11m███[48;2;6;10;12m🬆[38;2;5;9;10;48;2;6;10;11m🬞🬏[0m[38;2;6;10;11m█[38;2;6;10;12;48;2;6;10;11m🬞[0m[38;2;6;10;11m█[38;2;5;9;11;48;2;6;10;11m🬞[38;2;5;9;10m🬏[38;2;6;10;11;48;2;6;10;12m🬆[38;2;5;9;10m🬂[38;2;6;10;12;48;2;5;9;10m🬚[0m[38;2;6;10;11m███[38;2;5;9;10;48;2;5;9;10m🬃[0m[38;2;5;9;10m█[38;2;6;10;11m█[38;2;5;9;10;48;2;5;9;11m🬞[38;2;6;10;11m🬃[48;2;5;9;10m🬃🬃🬃[0m[38;2;5;9;10m█[38;2;6;10;11;48;2;5;9;10m🬃[0m[38;2;5;9;11m█[38;2;6;10;11m██[38;2;5;9;10;48;2;6;10;11m🬁[38;2;5;9;11;48;2;5;9;10m🬠[48;2;5;9;11m🬃[0m[38;2;6;10;11m█[38;2;5;9;10;48;2;5;9;10m🬃[38;2;5;9;11;48;2;5;9;11m🬃[48;2;5;9;10m🬃[38;2;6;10;11;48;2;5;9;11m🬃[38;2;5;9;11;48;2;5;9;10m🬦[38;2;6;10;13;48;2;5;9;11m🬭[0m[38;2;5;9;11m█[38;2;5;10;11;48;2;6;9;10m🬓[38;2;6;10;11;48;2;7;9;11m🬞[38;2;7;9;11;48;2;8;9;12m🬐[38;2;8;9;12;48;2;6;9;11m▌[38;2;5;9;11;48;2;5;9;11m🬃[38;2;5;9;12m🬏[38;2;7;9;11;48;2;6;9;10m🬠[0m[38;2;8;9;11m█[0m
[?25h