[?25l[0m[38;2;72;73;75m█[38;2;70;71;73m█[38;2;54;56;57m█[38;2;48;50;52m█[38;2;55;57;59m█[38;2;63;64;65m█[38;2;73;74;75m█[38;2;72;73;75m█[38;2;62;63;65m█[38;2;58;59;61m█[38;2;54;55;57m█[38;2;58;59;61m█[38;2;62;64;66m█[38;2;70;71;73m██[38;2;60;61;63m█[38;2;53;55;57m█[38;2;50;52;54m█[38;2;61;62;64m█[38;2;72;74;76m█[38;2;65;67;68m█[38;2;50;52;54m█[38;2;50;51;53m█[38;2;59;61;63m█[38;2;72;74;76m█[38;2;65;67;68m█[38;2;49;51;53m█[38;2;49;50;52m█[38;2;59;60;62m█[38;2;71;74;75m█[38;2;64;67;68m█[38;2;49;51;53m█[38;2;49;51;52m█[38;2;61;62;64m█[38;2;71;72;74m█[38;2;64;65;67m█[38;2;48;49;51m█[38;2;50;51;53m█[38;2;63;64;66m█[38;2;73;74;76m█[0m
[38;2;6;9;12m█[38;2;5;9;13m█[38;2;5;9;12m█[38;2;6;9;13m█[38;2;101;103;104m█[38;2;117;118;120m█[38;2;133;134;135m█[38;2;93;95;97m█[38;2;83;85;87m█[38;2;101;103;105m█[38;2;94;96;98m█[38;2;126;128;129m█[38;2;130;131;132m█[38;2;113;115;116m█[38;2;47;49;52m█[38;2;8;12;15m█[38;2;125;126;128m█[38;2;90;92;94m█[38;2;87;89;90m█[38;2;6;10;13m█[38;2;104;105;107m█[38;2;62;65;67m█[38;2;120;121;123m█[38;2;95;97;98m█[38;2;121;123;124m█[38;2;95;96;98m█[38;2;106;107;108m█[38;2;144;145;146m█[38;2;97;99;100m█[38;2;5;9;12m█[38;2;94;96;98m█[38;2;77;79;81m█[38;2;123;124;125m█[38;2;104;105;107m█[38;2;140;140;141m█[38;2;129;130;131m█[38;2;7;11;14m█[38;2;6;9;13m██[38;2;6;9;12m█[0m
[38;2;43;44;46m█[38;2;43;45;47m█[38;2;37;39;41m█[38;2;36;38;41m█[38;2;45;47;49m█[38;2;48;50;52m█[38;2;59;61;63m█[38;2;54;56;58m█[38;2;50;51;54m█[38;2;52;54;56m█[38;2;47;48;51m█[38;2;48;50;52m█[38;2;51;53;55m█[38;2;54;56;59m█[38;2;48;49;51m█[38;2;40;42;44m█[38;2;48;49;52m█[38;2;44;46;49m█[38;2;48;49;52m█[38;2;42;44;47m█[38;2;48;49;52m█[38;2;49;50;53m█[38;2;53;55;57m█[38;2;49;51;53m█[38;2;50;51;54m█[38;2;55;57;59m█[38;2;48;50;52m█[38;2;43;45;48m█[38;2;53;54;56m█[38;2;43;45;48m█[38;2;46;48;51m█[38;2;48;50;52m█[38;2;49;51;53m█[38;2;50;51;54m█[38;2;50;51;53m█[38;2;58;59;61m█[38;2;37;38;41m█[38;2;36;38;41m█[38;2;41;42;45m█[38;2;44;45;47m█[0m
[38;2;53;53;55m█[38;2;49;51;53m█[38;2;40;42;44m█[38;2;36;38;40m█[38;2;40;42;43m█[38;2;44;47;48m█[38;2;49;52;54m█[38;2;49;52;53m█[38;2;43;46;47m█[38;2;40;43;44m█[38;2;39;42;44m█[38;2;41;44;45m█[38;2;44;47;49m█[38;2;49;52;54m█[38;2;49;52;53m█[38;2;42;45;47m█[38;2;38;40;42m█[38;2;35;38;40m█[38;2;43;45;47m█[38;2;50;53;54m█[38;2;46;48;50m█[38;2;35;37;39m█[38;2;35;38;39m█[38;2;42;44;46m█[38;2;50;53;54m█[38;2;45;48;50m█[38;2;35;38;40m█[38;2;35;37;39m█[38;2;42;45;46m█[38;2;51;53;55m█[38;2;47;48;50m█[38;2;36;38;39m██[38;2;44;46;48m█[38;2;51;54;56m█[38;2;44;47;48m█[38;2;34;37;39m█[38;2;36;38;39m█[38;2;45;47;48m█[38;2;53;53;55m█[0m
[38;2;6;9;10m█[38;2;5;9;10m██[38;2;5;9;11m█[38;2;5;8;10m█[38;2;34;36;38m█[38;2;5;9;10m█[38;2;5;9;11m█[38;2;5;9;10m█[38;2;5;8;11m█[38;2;5;9;11m█[38;2;5;8;11m█[38;2;5;9;11m█[38;2;6;9;11m█[38;2;5;9;10m█[38;2;5;8;10m█[38;2;5;9;10m█[38;2;5;8;10m█[38;2;5;9;11m█████[38;2;5;9;10m█[38;2;5;9;11m█[38;2;5;9;10m██[38;2;5;8;11m█[38;2;5;9;11m██[38;2;106;108;109m█[38;2;123;125;126m█[38;2;125;126;127m█[38;2;124;126;127m██[38;2;25;27;29m█[38;2;5;9;10m███[38;2;6;9;11m█[0m
[38;2;6;9;10m█[38;2;5;8;10m█[38;2;5;9;10m█[38;2;5;8;10m██[38;2;5;9;10m█[38;2;6;9;11m█[38;2;5;9;11m█[38;2;5;8;10m█[38;2;75;77;79m█[38;2;111;113;115m██[38;2;112;114;115m█[38;2;18;21;22m█[38;2;5;9;10m█[38;2;5;8;11m█[38;2;5;9;10m█[38;2;5;9;11m██[38;2;5;8;10m█[38;2;5;8;11m█[38;2;5;9;10m█[38;2;22;24;26m█[38;2;17;20;22m█[38;2;5;8;10m██[38;2;5;9;11m█[38;2;5;9;10m█[38;2;21;24;26m█[38;2;184;184;185m█[38;2;237;237;237m█[38;2;246;246;246m█[38;2;74;77;78m█[38;2;72;74;76m█[38;2;73;75;77m█[38;2;128;129;131m█[38;2;57;59;61m█[38;2;5;9;10m██[38;2;7;9;10m█[0m
[38;2;6;8;10m█[38;2;5;9;10m█[38;2;5;9;11m█[38;2;9;13;15m█[38;2;109;110;112m█[38;2;155;157;159m█[38;2;137;138;140m█[38;2;20;23;25m█[38;2;142;143;145m█[38;2;175;176;178m█[38;2;184;185;187m███[38;2;159;161;162m█[38;2;71;72;74m█[38;2;15;18;19m█[38;2;5;9;10m█[38;2;5;9;11m█[38;2;5;9;10m█[38;2;5;9;11m██[38;2;5;9;10m███[38;2;4;8;11m█[38;2;5;9;11m██[38;2;4;8;10m█[38;2;178;178;179m█[38;2;246;246;246m██[38;2;102;103;104m█[38;2;6;9;10m█[38;2;5;9;11m██[38;2;10;12;14m█[38;2;7;10;12m█[38;2;5;9;10m██[38;2;7;8;10m█[0m
[38;2;6;8;10m█[38;2;5;9;10m█[38;2;5;8;10m█[38;2;44;47;48m█[38;2;135;136;139m█[38;2;135;137;139m█[38;2;136;137;139m██[38;2;137;138;140m█[38;2;136;137;139m█[38;2;136;137;140m█[38;2;136;137;139m█[38;2;137;138;140m█[38;2;136;137;139m█[38;2;136;138;139m█[38;2;86;87;89m█[38;2;5;8;10m██[38;2;34;35;37m█[38;2;6;9;10m█[38;2;5;9;11m█[38;2;5;9;10m█[38;2;5;9;11m█[38;2;5;8;10m██[38;2;5;9;10m█[38;2;5;8;11m█[38;2;5;8;10m█[38;2;103;104;105m█[38;2;246;246;246m█[38;2;246;246;245m█[38;2;173;174;175m█[38;2;7;11;12m█[38;2;6;9;10m█[38;2;6;9;11m█[38;2;34;37;38m█[38;2;53;56;57m█[38;2;5;9;10m██[38;2;6;9;11m█[0m
[38;2;6;9;10m█[38;2;5;9;10m█[38;2;29;33;34m█[38;2;8;12;13m█[38;2;5;9;11m█[38;2;5;8;10m██[38;2;5;9;10m█[38;2;5;8;11m██[38;2;5;9;10m█[38;2;5;9;11m█[38;2;5;9;10m█[38;2;5;9;11m██[38;2;5;8;11m███[38;2;5;9;10m██[38;2;5;8;10m█[38;2;5;9;10m█[38;2;5;8;10m█[38;2;5;9;10m█[38;2;9;12;14m██[38;2;7;10;12m█[38;2;5;9;10m█[38;2;10;14;15m█[38;2;64;66;67m█[38;2;218;218;218m█[38;2;244;245;245m█[38;2;190;191;192m█[38;2;190;191;191m██[38;2;160;161;162m█[38;2;28;31;32m█[38;2;5;9;10m██[38;2;6;8;10m█[0m
[38;2;6;9;10m█[38;2;5;8;10m█[38;2;4;8;10m█[38;2;4;8;11m█[38;2;5;8;11m█[38;2;5;9;10m█[38;2;5;9;11m█[38;2;5;8;10m██[38;2;5;9;10m█[38;2;5;9;11m██[38;2;5;9;10m██[38;2;5;9;11m█[38;2;5;9;10m█[38;2;5;9;11m█[38;2;5;8;10m█[38;2;5;9;10m████[38;2;21;24;26m█[38;2;63;66;67m█[38;2;184;185;187m██[38;2;107;107;109m█[38;2;51;52;54m█[38;2;51;53;55m█[38;2;50;53;54m█[38;2;12;15;17m█[38;2;5;9;10m█[38;2;5;9;11m█[38;2;5;8;10m█[38;2;5;8;11m█[38;2;5;8;10m█[38;2;5;9;10m█[38;2;5;8;10m█[38;2;5;9;10m█[38;2;6;9;10m█[0m
[38;2;7;8;10m█[38;2;5;9;10m██[38;2;5;9;11m█[38;2;5;9;10m█[38;2;5;8;10m█[38;2;53;34;36m█[38;2;67;42;45m█[38;2;67;42;44m█[38;2;68;42;44m█[38;2;67;42;46m█[38;2;58;38;41m█[38;2;5;9;11m██[38;2;5;8;10m█[38;2;4;8;11m█[38;2;5;9;10m█[38;2;5;9;11m█[38;2;5;9;10m█[38;2;5;9;11m█[38;2;5;8;10m█[38;2;58;61;63m█[38;2;126;128;129m█[38;2;184;185;187m███████[38;2;108;109;111m█[38;2;39;41;43m█[38;2;5;9;11m█[38;2;5;8;10m█[38;2;5;9;11m█[38;2;5;8;10m█[38;2;5;9;10m█[38;2;5;8;10m█[38;2;5;9;10m█[38;2;6;8;10m█[0m
[38;2;6;9;10m█[38;2;5;8;10m█[38;2;5;8;11m█[38;2;4;8;10m█[38;2;5;9;10m█[38;2;54;35;38m█[38;2;196;112;116m█[38;2;192;110;115m█[38;2;232;132;137m██[38;2;199;114;119m█[38;2;198;115;119m█[38;2;63;39;42m█[38;2;5;9;10m██[38;2;5;9;11m██[38;2;5;9;10m██[38;2;5;9;11m██[38;2;37;41;42m█[38;2;59;62;64m█[38;2;60;62;64m██[38;2;60;63;65m██[38;2;60;63;64m█[38;2;60;62;64m███[38;2;26;28;30m█[38;2;5;9;11m███[38;2;5;9;10m██[38;2;33;35;37m█[38;2;5;9;10m█[38;2;6;9;11m█[0m
[38;2;6;9;10m█[38;2;5;9;10m█[38;2;5;8;10m█[38;2;5;9;11m██[38;2;28;21;23m█[38;2;192;110;114m█[38;2;231;132;136m█[38;2;229;131;135m█[38;2;230;131;136m█[38;2;231;133;137m█[38;2;207;119;123m█[38;2;33;24;26m█[38;2;5;9;10m█[38;2;5;9;11m█[38;2;20;23;25m█[38;2;20;23;24m█[38;2;5;9;10m███[38;2;5;9;11m█[38;2;5;9;10m█[38;2;5;8;11m█[38;2;5;9;11m██[38;2;5;9;10m█[38;2;5;9;11m█[38;2;19;22;24m██[38;2;5;9;10m██[38;2;5;8;10m█[38;2;5;9;10m█[38;2;5;9;11m██[38;2;5;9;10m██[38;2;5;8;10m█[38;2;5;9;10m█[38;2;6;9;10m█[0m
[38;2;30;31;33m██[38;2;21;25;26m█[38;2;19;22;24m█[38;2;23;25;27m█[38;2;25;28;29m█[38;2;137;91;93m█[38;2;117;78;83m█[38;2;45;37;40m█[38;2;29;28;30m█[38;2;123;81;84m█[38;2;132;87;88m█[38;2;28;29;31m█[38;2;28;31;32m██[38;2;24;27;29m█[38;2;20;24;25m█[38;2;20;23;24m█[38;2;25;28;29m█[38;2;28;31;32m█[38;2;26;29;30m█[38;2;20;23;24m█[38;2;20;22;24m█[38;2;25;27;29m█[38;2;29;31;33m█[38;2;26;29;30m█[38;2;20;23;25m█[38;2;18;22;23m█[38;2;25;27;29m█[38;2;29;31;33m█[38;2;26;29;30m█[38;2;20;23;24m█[38;2;19;22;23m█[38;2;24;28;29m█[38;2;28;31;33m█[38;2;25;29;30m█[38;2;19;21;24m█[38;2;19;22;24m█[38;2;26;28;30m█[38;2;31;32;34m█[0m
[38;2;48;49;51m█[38;2;46;47;49m█[38;2;36;39;41m█[38;2;33;36;38m█[38;2;36;38;40m█[38;2;41;43;45m█[38;2;47;49;50m█[38;2;46;48;50m█[38;2;40;43;44m█[38;2;38;40;42m█[38;2;36;38;40m█[38;2;37;40;42m█[38;2;41;43;45m█[38;2;45;48;50m█[38;2;46;49;50m█[38;2;39;42;43m█[38;2;36;38;40m█[38;2;34;37;38m█[38;2;40;43;44m█[38;2;47;50;51m█[38;2;42;45;46m█[38;2;33;36;37m█[38;2;34;36;38m█[38;2;39;41;43m█[38;2;46;49;50m█[38;2;43;45;46m█[38;2;33;36;37m█[38;2;33;35;37m█[38;2;38;41;43m█[38;2;46;49;51m█[38;2;41;44;45m█[38;2;32;35;36m█[38;2;32;34;36m█[38;2;39;42;44m█[38;2;47;50;51m█[38;2;41;43;45m█[38;2;32;34;36m█[38;2;33;36;37m█[38;2;41;43;44m█[38;2;48;49;51m█[0m
[38;2;7;8;10m█[38;2;6;9;10m█[38;2;5;9;10m██[38;2;5;9;11m█[38;2;5;9;10m█[38;2;5;9;11m██[38;2;6;9;11m█[38;2;5;9;10m██[38;2;5;9;11m█[38;2;5;9;10m██[38;2;5;9;11m█[38;2;6;10;11m█[38;2;5;9;10m█[38;2;5;9;11m█[38;2;5;9;10m██[38;2;5;9;11m██[38;2;5;9;10m███████████[38;2;5;9;11m█[38;2;5;9;10m█[38;2;5;9;11m█[38;2;5;9;10m█[38;2;6;9;11m█[38;2;5;9;11m█[38;2;6;9;10m█[0m
[?25h