[?25l[0m[38;2;190;188;182;48;2;88;85;77m▆[38;2;223;223;223;48;2;92;92;95m▖[38;2;184;184;185;48;2;57;57;61m▗[38;2;208;208;207;48;2;46;46;51m▆[38;2;67;66;70;48;2;32;31;37m▏[38;2;202;203;204;48;2;36;36;41m▆[38;2;182;183;185;48;2;46;46;52m▖[38;2;213;213;214;48;2;64;64;70m▗[38;2;185;185;186;48;2;37;38;43m▆[38;2;25;26;31;48;2;126;126;129m▊[38;2;228;228;229;48;2;69;69;74m▅[38;2;140;141;144;48;2;25;25;31m▎[38;2;187;187;189;48;2;37;38;43m▆[38;2;218;218;219;48;2;65;66;70m▖[38;2;196;196;198;48;2;47;48;52m▗[38;2;207;208;208;48;2;41;42;46m▆[38;2;133;133;136;48;2;30;31;36m▕[38;2;229;230;230;48;2;71;71;75m▅[38;2;150;150;153;48;2;25;26;31m▎[38;2;178;178;179;48;2;31;33;37m▆[38;2;220;220;221;48;2;68;68;73m▖[38;2;193;193;195;48;2;45;46;51m▗[38;2;201;201;202;48;2;35;36;41m▆[38;2;116;116;120;48;2;23;24;29m▕[38;2;226;226;227;48;2;56;57;61m▅[38;2;143;144;147;48;2;17;19;25m▎[38;2;173;173;176;48;2;23;23;29m▆[38;2;214;215;216;48;2;59;61;66m▖[38;2;195;195;198;48;2;40;42;49m▗[38;2;194;195;197;48;2;27;30;34m▆[38;2;121;122;126;48;2;20;22;28m▕[38;2;228;228;229;48;2;61;62;66m▅[38;2;125;126;129;48;2;11;12;18m▍[38;2;232;233;233;48;2;87;88;92m▗[38;2;229;230;230;48;2;83;84;88m▖[38;2;15;18;25;48;2;141;142;146m▊[38;2;229;230;230;48;2;66;67;71m▅[38;2;109;111;114;48;2;8;10;16m▎[38;2;173;174;175;48;2;24;25;31m▆[38;2;220;221;221;48;2;63;66;71m▖[38;2;20;22;29;48;2;149;150;153m▊[38;2;226;227;227;48;2;60;61;65m▅[38;2;122;123;127;48;2;13;16;22m▏[38;2;173;174;176;48;2;18;21;29m▆[38;2;224;224;224;48;2;68;70;74m▖[38;2;10;13;20;48;2;129;131;135m▋[38;2;227;228;228;48;2;65;67;72m▅[38;2;127;128;131;48;2;13;15;21m▏[38;2;179;180;181;48;2;25;28;35m▆[38;2;218;219;218;48;2;59;62;67m▖[38;2;21;25;32;48;2;151;152;155m▊[38;2;224;225;225;48;2;60;61;65m▅[38;2;115;117;121;48;2;13;16;24m▏[38;2;175;176;177;48;2;20;23;29m▆[38;2;220;221;220;48;2;65;67;72m▖[38;2;13;15;22;48;2;132;133;136m▋[38;2;228;229;228;48;2;65;66;71m▅[38;2;124;125;128;48;2;14;17;23m▏[38;2;176;176;178;48;2;27;29;36m▆[38;2;219;220;220;48;2;62;64;69m▖[38;2;22;25;31;48;2;149;151;154m▊[38;2;227;227;227;48;2;63;65;70m▅[38;2;125;127;130;48;2;18;21;28m▏[38;2;170;171;173;48;2;25;27;35m▆[38;2;223;225;224;48;2;75;77;81m▖[38;2;23;25;31;48;2;148;149;152m▊[38;2;229;230;230;48;2;69;70;74m▅[38;2;140;141;144;48;2;24;25;31m▏[38;2;163;164;166;48;2;30;30;36m▆[38;2;222;222;222;48;2;77;77;81m▖[38;2;23;25;32;48;2;137;138;141m▊[38;2;230;230;231;48;2;68;69;73m▅[38;2;116;117;121;48;2;22;23;30m▎[38;2;229;228;229;48;2;91;91;95m▗[38;2;228;228;228;48;2;93;93;96m▖[38;2;26;27;33;48;2;130;130;133m▊[38;2;228;229;229;48;2;73;73;77m▅[38;2;132;132;136;48;2;29;28;34m▎[38;2;172;171;174;48;2;44;43;50m▆[38;2;226;226;226;48;2;96;96;99m▖[0m
[38;2;76;74;69;48;2;46;45;42m▔[38;2;48;48;53;48;2;30;29;36m▏[38;2;27;26;33;48;2;28;29;34m▔[38;2;74;74;78;48;2;26;27;32m▔[38;2;25;25;30;48;2;25;26;32m▔[38;2;72;73;77;48;2;23;25;31m▔[38;2;21;22;30;48;2;24;25;31m▔[38;2;21;21;29;48;2;22;24;31m▔[38;2;65;67;72;48;2;21;24;31m▔[38;2;20;22;29m▔[38;2;72;73;77;48;2;20;23;30m▔[38;2;20;21;29m▔[38;2;69;70;74;48;2;19;22;29m▔[38;2;27;30;36;48;2;18;21;28m▏[38;2;18;20;25m▔[38;2;72;73;77;48;2;16;19;27m▔[38;2;14;18;25m▁[38;2;70;71;75;48;2;15;19;27m▔[38;2;14;17;23;48;2;15;20;26m▔[38;2;53;53;58;48;2;15;18;26m▔[38;2;27;31;37;48;2;14;17;24m▏[38;2;12;14;19;48;2;13;17;24m▔[38;2;68;70;75;48;2;13;17;23m▔[38;2;11;15;22;48;2;12;16;23m▕[38;2;66;68;73;48;2;11;16;22m▔[38;2;9;13;20m▔[38;2;52;54;59;48;2;10;15;21m▔[38;2;23;26;32;48;2;10;14;21m▏[38;2;8;11;20;48;2;9;14;20m▔[38;2;57;58;64;48;2;9;13;20m▔[38;2;8;12;21;48;2;8;13;19m▁[38;2;67;69;73;48;2;8;12;19m▔[38;2;7;10;19;48;2;8;12;20m▔[38;2;42;43;49;48;2;7;11;20m▔[38;2;38;41;47m▔[38;2;7;12;19;48;2;7;11;19m▀[38;2;67;68;72;48;2;6;11;18m▔[38;2;6;8;15;48;2;7;11;19m▔[38;2;46;48;54m▔[38;2;21;25;32m▏[38;2;6;8;17m▔[38;2;63;64;68;48;2;6;11;19m▔[38;2;6;9;18m▃[38;2;47;49;53;48;2;6;10;19m▔[38;2;28;31;37m▔[38;2;6;10;19;48;2;7;11;18m▅[38;2;61;62;66;48;2;6;10;20m▔[38;2;5;8;16m▔[38;2;48;50;55;48;2;7;11;20m▔[38;2;20;24;32;48;2;7;11;19m▏[38;2;6;10;20m▁[38;2;58;58;62;48;2;7;11;20m▔[38;2;7;11;19m▔[38;2;48;48;54;48;2;7;12;20m▔[38;2;26;28;34;48;2;8;12;20m▔[38;2;8;11;20;48;2;8;12;22m▔[38;2;64;65;70;48;2;9;13;22m▔[38;2;8;12;20m▔[38;2;51;53;59m▔[38;2;27;29;36;48;2;10;15;21m▔[38;2;11;14;21;48;2;11;16;22m▔[38;2;64;65;69;48;2;11;15;22m▔[38;2;11;14;22;48;2;12;16;24m▔[38;2;49;51;55;48;2;12;17;24m▔[38;2;36;39;45;48;2;13;18;25m▔[38;2;13;15;23;48;2;14;18;25m▔[38;2;70;72;75;48;2;15;18;26m▔[38;2;14;18;24;48;2;15;19;26m▔[38;2;49;50;56;48;2;16;20;27m▔[38;2;39;41;46;48;2;16;19;27m▔[38;2;19;20;28;48;2;17;20;28m▝[38;2;75;76;80;48;2;18;21;28m▔[38;2;18;20;28;48;2;19;22;29m▔[38;2;46;47;51;48;2;20;22;29m▔[38;2;49;50;55;48;2;20;23;30m▔[38;2;21;21;29;48;2;21;23;31m▔[38;2;77;76;81;48;2;23;23;31m▔[38;2;24;24;32;48;2;25;25;33m▏[38;2;59;59;66;48;2;26;26;33m▔[38;2;47;46;53;48;2;28;28;35m▔[0m
[38;2;79;77;57;48;2;33;32;38m▍[38;2;30;29;36;48;2;28;29;34m▏[38;2;28;29;34;48;2;26;27;32m▎[38;2;25;26;33;48;2;24;25;31m▍[38;2;23;25;31;48;2;24;26;31m▃[38;2;24;25;32;48;2;22;25;31m▘[38;2;21;24;31;48;2;21;24;31m▔[48;2;20;23;29m▏[38;2;19;21;28;48;2;187;187;188m▊[38;2;206;207;208;48;2;39;41;46m▍[38;2;135;135;138;48;2;21;23;29m▂[38;2;36;37;43;48;2;207;208;209m▐[38;2;194;194;195;48;2;30;33;39m▃[38;2;201;202;203;48;2;35;38;44m▃[38;2;82;85;90;48;2;27;31;37m▕[38;2;16;20;27;48;2;187;187;189m▖[38;2;232;233;232;48;2;15;18;24m▍[38;2;65;67;73;48;2;17;21;27m▁[38;2;215;215;216;48;2;28;32;38m▃[38;2;13;18;24;48;2;149;150;152m▀[38;2;134;135;138;48;2;14;18;25m▗[38;2;12;16;23;48;2;179;180;181m▀[38;2;193;194;195;48;2;18;22;29m▃[38;2;181;183;184;48;2;21;25;31m▃[38;2;219;219;219;48;2;28;32;37m▃[38;2;10;15;22;48;2;181;181;183m▀[38;2;161;162;164;48;2;15;19;26m▗[38;2;10;14;21;48;2;171;171;173m▀[38;2;183;184;186;48;2;20;23;30m▖[38;2;9;13;22;48;2;8;12;21m▘[38;2;7;11;19;48;2;7;11;20m▂[38;2;59;62;68;48;2;7;10;19m▕[38;2;7;10;17;48;2;164;165;167m▘[38;2;6;9;18;48;2;164;166;168m▝[38;2;113;114;118;48;2;9;13;20m▖[38;2;198;199;201;48;2;18;21;29m▃[38;2;6;10;19;48;2;183;184;185m▀[38;2;99;100;104;48;2;6;9;19m▖[0m[38;2;6;10;20m█[38;2;5;9;18;48;2;6;10;20m▖[38;2;152;152;156;48;2;7;10;19m▗[38;2;195;196;198;48;2;75;77;83m▞[38;2;167;168;170;48;2;18;21;29m▀[38;2;83;86;92;48;2;26;29;36m▕[38;2;6;9;18;48;2;210;211;212m▖[38;2;234;235;235;48;2;6;8;17m▎[38;2;110;111;115;48;2;6;10;19m▗[38;2;6;10;20;48;2;156;157;159m▀[38;2;177;178;181;48;2;15;19;27m▃[38;2;220;221;222;48;2;16;20;28m▗[38;2;103;104;110;48;2;7;10;19m▏[38;2;5;10;19;48;2;160;161;164m▀[38;2;169;170;172;48;2;16;20;28m▗[38;2;19;23;30;48;2;174;175;176m▀[38;2;241;242;242;48;2;11;14;20m▋[38;2;176;177;179;48;2;21;24;32m▗[38;2;8;12;20;48;2;169;170;171m▀[38;2;155;156;159;48;2;11;15;24m▖[38;2;8;12;21;48;2;9;13;22m▃[38;2;9;13;22;48;2;9;14;21m▆[38;2;76;78;84;48;2;10;15;22m▕[38;2;185;186;188;48;2;23;26;32m▆[38;2;171;172;174;48;2;19;22;29m▀[38;2;103;105;108;48;2;30;33;40m▘[38;2;204;205;206;48;2;28;31;38m▃[38;2;209;210;210;48;2;32;36;42m▃[38;2;106;106;109;48;2;13;17;25m▂[38;2;206;206;207;48;2;32;36;42m▃[38;2;90;91;95;48;2;242;242;243m▍[38;2;180;181;185;48;2;30;33;40m▏[38;2;16;19;27;48;2;172;172;174m▀[38;2;197;198;199;48;2;29;32;39m▃[38;2;17;20;28;48;2;18;21;30m▆[48;2;18;21;29m▃[38;2;19;22;30m▀[38;2;19;22;29;48;2;20;23;30m▆[38;2;19;23;30;48;2;23;24;31m▆[38;2;22;23;31;48;2;24;24;32m▆[38;2;22;24;31;48;2;25;25;32m▂[38;2;25;25;33;48;2;27;27;33m▃[0m
[38;2;77;79;61;48;2;30;29;34m▎[38;2;30;31;36;48;2;26;27;32m▔[38;2;25;26;31;48;2;24;25;31m▎[38;2;24;25;30;48;2;22;24;30m▍[38;2;20;23;29;48;2;22;23;29m▁[48;2;20;23;30m▎[38;2;19;22;29m▅[38;2;18;21;28;48;2;19;22;29m▅[38;2;214;214;216;48;2;23;25;32m▕[38;2;131;132;135;48;2;215;215;215m▁[38;2;47;48;53;48;2;195;195;196m▖[38;2;240;241;241;48;2;80;82;87m▍[38;2;137;137;139;48;2;205;206;207m▝[38;2;211;213;213;48;2;128;129;131m▃[38;2;133;136;139;48;2;38;42;48m▎[38;2;15;19;26;48;2;182;183;185m▘[38;2;13;17;24;48;2;185;186;187m▝[38;2;39;41;47;48;2;182;183;185m▊[38;2;15;17;24;48;2;201;201;202m▝[38;2;187;188;189;48;2;13;17;24m▃[38;2;11;14;22;48;2;189;190;192m▍[38;2;224;224;225;48;2;43;46;51m▃[38;2;222;222;223;48;2;111;112;116m▞[38;2;26;28;33;48;2;197;198;199m▎[38;2;12;13;18;48;2;200;201;202m▎[38;2;10;12;17;48;2;234;235;236m▍[38;2;40;42;45;48;2;207;208;209m▍[38;2;214;215;216;48;2;110;111;114m▃[38;2;165;167;169;48;2;33;36;43m▋[38;2;7;11;20;48;2;8;11;20m▂[38;2;6;10;20;48;2;7;11;19m▐[38;2;6;10;18;48;2;6;10;20m▔[48;2;207;207;209m▋[38;2;5;9;17;48;2;185;186;188m▝[38;2;155;157;161;48;2;42;46;53m▕[38;2;39;41;47;48;2;205;205;207m▝[38;2;5;8;16;48;2;167;168;171m▘[38;2;234;234;234;48;2;35;37;46m▘[38;2;5;9;19;48;2;5;9;20m▃[48;2;5;9;18m▕[38;2;183;183;186;48;2;20;23;31m▝[38;2;7;10;19;48;2;198;198;200m▝[38;2;222;223;224;48;2;8;12;20m▃[38;2;109;110;114;48;2;16;19;27m▗[38;2;6;9;18;48;2;206;208;209m▘[38;2;210;212;213;48;2;64;67;73m▃[38;2;161;162;164;48;2;14;17;24m▐[38;2;8;9;15;48;2;179;180;181m▔[38;2;5;9;16;48;2;213;213;215m▕[38;2;223;224;225;48;2;30;33;40m▐[38;2;213;213;214;48;2;43;44;50m▃[38;2;225;227;227;48;2;9;13;19m▊[38;2;22;24;30;48;2;203;204;205m▎[38;2;200;201;203;48;2;29;31;37m▃[38;2;235;237;238;48;2;8;11;20m▋[38;2;57;60;67;48;2;199;200;201m▎[38;2;236;237;237;48;2;117;118;121m▂[38;2;26;29;36;48;2;163;165;167m▐[0m[38;2;8;12;21m█[48;2;8;12;22m▏[38;2;123;125;129;48;2;12;16;24m▕[38;2;109;111;115;48;2;233;233;233m▞[38;2;225;225;226;48;2;11;15;22m▃[38;2;54;57;63;48;2;174;175;177m▊[38;2;11;15;21;48;2;200;201;202m▝[38;2;11;14;20;48;2;184;186;187m▘[38;2;51;53;59;48;2;173;174;174m▃[38;2;13;16;23;48;2;190;191;193m▝[38;2;97;99;102;48;2;230;231;232m▍[38;2;54;56;63;48;2;185;186;188m▋[38;2;88;89;90;48;2;186;186;187m▔[38;2;116;118;122;48;2;221;221;222m▅[38;2;51;53;58;48;2;16;20;27m▏[38;2;16;19;27;48;2;17;20;28m▘[38;2;17;20;28;48;2;18;21;29m▅[38;2;18;21;28;48;2;19;22;29m▊[38;2;19;23;29;48;2;18;22;29m▝[38;2;19;22;29;48;2;21;22;30m▍[38;2;20;23;30;48;2;22;23;30m▖[38;2;23;24;29;48;2;24;25;31m▎[0m
[38;2;88;89;75;48;2;32;33;35m▏[38;2;24;25;31;48;2;26;27;32m▂[38;2;23;24;29;48;2;24;25;31m▁[38;2;23;23;30;48;2;21;23;30m▍[38;2;19;22;29;48;2;20;23;30m▂[38;2;18;21;28;48;2;19;22;30m▃[38;2;17;19;27;48;2;18;21;28m▂[38;2;17;20;27;48;2;17;21;28m▅▅[38;2;18;21;27;48;2;16;19;27m▔[38;2;16;20;26;48;2;15;19;26m▕[38;2;14;17;25m▁[38;2;13;17;25;48;2;14;18;25m▔[38;2;12;15;21;48;2;13;18;24m▔[38;2;12;17;23;48;2;13;17;25m▅[38;2;11;15;22;48;2;13;17;23m▁[38;2;13;15;21;48;2;12;16;23m▔[38;2;12;16;22;48;2;12;16;24m▃[38;2;11;15;21;48;2;12;16;23m▁[38;2;10;14;21;48;2;11;15;22m▏[48;2;11;16;23m▁[38;2;7;10;18;48;2;10;15;21m▔[38;2;10;15;22m▏[38;2;10;15;21;48;2;10;14;22m▃[38;2;9;13;19;48;2;9;13;21m▁[38;2;8;13;20;48;2;8;12;20m▖[38;2;7;12;18m▁[38;2;5;8;15;48;2;7;11;18m▔[38;2;6;11;17;48;2;7;11;19m▏[38;2;7;11;20;48;2;6;11;19m▘[38;2;4;8;17;48;2;6;10;19m▁[38;2;5;8;18;48;2;6;9;20m▁[38;2;6;9;19;48;2;5;9;17m▊[38;2;3;6;13;48;2;5;9;18m▔[38;2;4;8;17m▁[38;2;4;7;15;48;2;4;8;17m▔[38;2;4;6;15m▔[38;2;4;8;17;48;2;5;9;18m▃▁▁[48;2;5;9;19m▅[38;2;4;7;15;48;2;4;8;17m▔[38;2;4;5;12;48;2;4;8;16m▔[38;2;4;8;18;48;2;4;8;17m▗[38;2;6;8;15;48;2;3;8;18m▔[38;2;4;7;18;48;2;5;8;15m▆[38;2;3;7;17;48;2;4;8;17m▃[38;2;4;6;14m▔[38;2;5;9;18;48;2;5;9;19m▆[38;2;7;10;19;48;2;5;8;18m▔[38;2;4;8;17;48;2;5;9;18m▃[38;2;7;10;17m▔[38;2;7;10;18;48;2;6;10;19m▔[38;2;5;8;14m▔[38;2;8;11;19m▔[38;2;5;9;18m▁[38;2;4;6;14m▔[38;2;9;11;20;48;2;7;11;20m▔[38;2;7;11;20;48;2;8;11;21m▂[48;2;8;12;21m▁[38;2;8;12;21m▔[38;2;8;13;22m▘[38;2;10;12;19;48;2;9;13;21m▔[38;2;11;15;23;48;2;10;14;21m▝[38;2;10;13;21;48;2;10;15;22m▔[38;2;11;15;22;48;2;11;15;23m▆[38;2;13;17;23;48;2;11;16;23m▕[38;2;11;14;19;48;2;12;16;23m▔[38;2;15;18;24;48;2;13;17;23m▔[38;2;13;17;24;48;2;14;19;25m▍[38;2;13;16;23;48;2;14;18;25m▔[38;2;15;16;22m▔[38;2;15;18;25;48;2;16;20;27m▃[38;2;16;19;26;48;2;18;20;28m▅[48;2;17;20;28m▅[38;2;15;18;25;48;2;17;20;27m▁[38;2;17;20;27;48;2;18;22;29m▍[38;2;20;21;28;48;2;20;22;29m▅[38;2;21;22;28;48;2;20;23;30m▁[38;2;22;23;29;48;2;23;24;30m▂[0m
[38;2;192;192;191;48;2;69;69;71m▃[38;2;201;201;203;48;2;72;72;77m▖[38;2;160;160;162;48;2;53;54;59m▗[38;2;230;230;231;48;2;64;64;68m▃[38;2;29;30;35;48;2;111;112;117m▆[38;2;222;222;224;48;2;66;67;72m▃[38;2;153;153;155;48;2;45;46;51m▖[38;2;183;183;186;48;2;62;63;69m▗[38;2;209;209;211m▃[38;2;41;43;49;48;2;109;111;116m▆[38;2;234;234;234;48;2;65;67;72m▃[38;2;116;116;118;48;2;39;40;45m▎[38;2;199;200;201;48;2;73;74;78m▃[38;2;183;184;185;48;2;55;56;61m▖[38;2;168;169;171;48;2;48;51;56m▗[38;2;223;223;224;48;2;69;71;77m▃[38;2;97;98;102;48;2;42;44;49m▁[38;2;233;234;234;48;2;69;70;76m▃[38;2;109;110;113;48;2;40;41;46m▖[38;2;196;197;199;48;2;62;64;69m▃[38;2;186;188;189;48;2;59;61;65m▖[38;2;167;167;170;48;2;40;41;47m▗[38;2;220;221;222;48;2;68;70;75m▃[38;2;109;109;113;48;2;34;37;42m▕[38;2;234;235;235;48;2;59;61;66m▃[38;2;112;114;118;48;2;41;43;48m▎[38;2;200;201;203;48;2;56;58;63m▃[38;2;186;186;188;48;2;54;56;63m▖[38;2;167;168;171;48;2;40;42;49m▗[38;2;225;226;227;48;2;56;58;64m▃[38;2;29;30;36;48;2;99;103;111m▆[38;2;235;235;236;48;2;60;61;66m▃[38;2;130;130;134;48;2;40;41;48m▎[38;2;175;176;178;48;2;52;53;59m▃[38;2;192;192;193;48;2;55;57;63m▖[38;2;37;40;48;48;2;124;125;130m▊[38;2;235;235;236;48;2;56;58;63m▃[38;2;27;28;34;48;2;105;106;111m▆[38;2;195;196;198;48;2;53;54;60m▃[38;2;182;184;185;48;2;50;52;58m▖[38;2;125;126;130;48;2;39;41;49m▗[38;2;236;236;237;48;2;56;57;64m▃[38;2;23;25;32;48;2;101;102;108m▆[38;2;191;191;193;48;2;57;59;66m▃[38;2;190;191;191;48;2;53;55;61m▖[38;2;127;128;132;48;2;43;46;53m▗[38;2;235;235;236;48;2;54;57;63m▃[38;2;24;24;32;48;2;102;104;109m▆[38;2;199;199;201;48;2;59;60;67m▃[38;2;181;182;183;48;2;47;49;55m▖[38;2;128;129;133;48;2;40;43;50m▗[38;2;234;235;235;48;2;54;57;64m▃[38;2;22;24;30;48;2;105;106;111m▆[38;2;195;195;197;48;2;65;65;70m▃[38;2;190;192;193;48;2;55;57;62m▖[38;2;123;125;130;48;2;44;46;53m▗[38;2;231;232;232;48;2;55;57;64m▃[38;2;25;25;32;48;2;102;103;108m▆[38;2;198;198;200;48;2;62;63;70m▃[38;2;185;186;187;48;2;52;53;59m▖[38;2;120;122;126;48;2;45;48;55m▗[38;2;235;235;236;48;2;59;61;67m▃[38;2;27;29;34;48;2;110;112;117m▆[38;2;188;189;190;48;2;63;64;69m▃[38;2;192;193;193;48;2;57;59;64m▖[38;2;44;47;54;48;2;124;127;131m▊[38;2;236;236;237;48;2;63;66;71m▃[38;2;32;34;40;48;2;108;110;116m▆[38;2;186;186;188;48;2;61;63;69m▃[38;2;192;192;193;48;2;61;62;67m▖[38;2;45;47;53;48;2;119;120;125m▊[38;2;235;236;236;48;2;61;63;69m▃[38;2;37;39;45;48;2;106;108;113m▆[38;2;198;198;199;48;2;72;73;77m▗[38;2;174;175;176;48;2;58;58;63m▃[38;2;46;48;53;48;2;112;113;116m▊[38;2;234;235;235;48;2;64;65;70m▃[38;2;115;115;118;48;2;41;42;47m▎[38;2;188;188;189;48;2;72;73;78m▃[38;2;193;192;192;48;2;63;64;69m▖[0m
[38;2;38;39;40;48;2;172;173;170m▆[38;2;26;28;34;48;2;158;159;161m▆[38;2;81;82;85;48;2;33;35;42m▔[38;2;31;34;40;48;2;217;218;218m▆[38;2;30;31;35;48;2;16;19;26m▔[38;2;30;32;39;48;2;209;209;210m▆[38;2;99;100;103;48;2;15;19;26m▘[38;2;16;20;27;48;2;126;126;131m▆[38;2;24;28;34;48;2;189;190;191m▆[38;2;65;68;74;48;2;17;20;27m▕[38;2;25;29;35;48;2;228;229;229m▆[38;2;70;73;77;48;2;19;22;29m▏[38;2;24;28;34;48;2;180;181;182m▆[38;2;15;20;26;48;2;129;131;134m▆[38;2;91;91;94;48;2;26;30;36m▔[38;2;26;30;36;48;2;212;213;213m▆[38;2;49;52;58;48;2;12;16;22m▕[38;2;24;28;34;48;2;228;228;228m▆[38;2;67;71;75;48;2;18;21;27m▏[38;2;20;24;30;48;2;171;173;176m▆[38;2;13;18;24;48;2;140;141;143m▆[38;2;102;104;108;48;2;8;12;18m▝[38;2;23;27;33;48;2;210;211;211m▆[38;2;39;42;49;48;2;8;12;18m▕[38;2;21;24;32;48;2;221;221;222m▆[38;2;65;68;73;48;2;14;17;24m▏[38;2;18;21;29;48;2;174;175;177m▆[38;2;8;12;20;48;2;130;131;135m▆[38;2;103;104;109;48;2;5;9;18m▝[38;2;17;20;28;48;2;208;208;208m▆[38;2;42;44;52;48;2;5;8;17m▕[38;2;17;20;29;48;2;224;224;225m▆[38;2;67;70;76;48;2;15;18;26m▏[38;2;13;16;24;48;2;156;158;160m▆[38;2;12;15;24;48;2;148;150;153m▆[38;2;67;70;76;48;2;9;12;21m▕[38;2;20;23;31;48;2;229;229;229m▆[38;2;54;57;64;48;2;6;9;18m▏[38;2;15;18;26;48;2;171;172;175m▆[38;2;7;10;19;48;2;134;135;138m▆[38;2;68;70;78;48;2;12;15;25m▕[38;2;18;21;30;48;2;227;227;227m▆[38;2;42;45;52;48;2;4;7;16m▏[38;2;16;19;27;48;2;172;172;175m▆[38;2;9;13;21;48;2;142;143;147m▆[38;2;64;67;74;48;2;13;16;25m▕[38;2;19;22;30;48;2;229;230;230m▆[38;2;46;49;56;48;2;4;8;16m▏[38;2;16;19;28;48;2;175;176;178m▆[38;2;7;11;19;48;2;133;135;137m▆[38;2;60;63;70;48;2;13;16;25m▕[38;2;16;19;27;48;2;225;225;225m▆[38;2;39;41;49;48;2;5;8;17m▏[38;2;17;20;28;48;2;174;175;177m▆[38;2;9;13;21;48;2;138;140;143m▆[38;2;63;66;72;48;2;14;17;26m▕[38;2;20;23;32;48;2;226;227;227m▆[38;2;45;47;54;48;2;6;9;17m▏[38;2;18;22;29;48;2;174;175;177m▆[38;2;9;13;20;48;2;136;137;140m▆[38;2;64;67;74;48;2;15;18;26m▕[38;2;21;24;32;48;2;228;228;228m▆[38;2;45;48;54;48;2;9;12;19m▏[38;2;19;22;30;48;2;167;168;170m▆[38;2;15;18;26;48;2;143;146;147m▆[38;2;72;75;81;48;2;16;19;27m▕[38;2;25;29;36;48;2;230;230;229m▆[38;2;52;55;60;48;2;12;16;22m▏[38;2;20;24;31;48;2;162;163;165m▆[38;2;16;20;27;48;2;144;145;147m▆[38;2;71;73;78;48;2;17;21;27m▕[38;2;24;28;33;48;2;228;228;228m▆[38;2;58;62;67;48;2;15;19;25m▏[38;2;20;24;30;48;2;152;152;155m▆[38;2;21;25;31;48;2;158;159;161m▆[38;2;63;66;71;48;2;17;20;27m▕[38;2;30;33;38;48;2;227;227;228m▆[38;2;72;74;79;48;2;22;25;31m▏[38;2;28;30;37;48;2;167;167;170m▆[38;2;23;24;30;48;2;149;150;152m▆[0m
[38;2;95;96;83;48;2;24;25;28m▏[38;2;19;22;28;48;2;18;21;28m▘[38;2;17;20;27;48;2;18;21;27m▗[38;2;17;20;28;48;2;16;20;27m▎[38;2;15;19;25;48;2;15;19;26m▏[38;2;15;19;26;48;2;14;19;25m▔[38;2;14;19;25;48;2;13;18;24m▘[38;2;12;17;23m▂▂▅[48;2;11;16;22m▘▏[38;2;10;15;21m▃[38;2;11;15;21;48;2;10;15;21m▊[38;2;10;15;21;48;2;9;14;20m▏[38;2;8;13;19;48;2;10;15;21m▂[38;2;10;15;21;48;2;9;14;20m▘[38;2;9;14;20m▔[38;2;8;13;19m▗▅[38;2;7;12;18;48;2;8;13;19m▂[38;2;6;10;17;48;2;7;12;18m▂[38;2;7;12;19;48;2;6;10;21m▔[38;2;5;9;18;48;2;6;10;19m▁[38;2;5;9;20m▂[0m[38;2;6;10;19m█[38;2;5;9;18;48;2;5;10;18m▆[38;2;5;8;19;48;2;4;8;17m▊[38;2;4;8;17;48;2;4;8;19m▂[38;2;5;9;18;48;2;4;8;17m▔[0m[38;2;4;7;17m█[38;2;4;6;17;48;2;3;7;18m▂[38;2;3;7;16;48;2;3;7;17m▝[38;2;3;7;17;48;2;3;6;16m▁[38;2;3;6;17m▍[38;2;3;6;16;48;2;3;6;17m▁[38;2;3;7;16;48;2;3;7;17m▀[38;2;2;6;16;48;2;3;6;16m▅[38;2;3;6;16;48;2;2;6;16m▔[38;2;4;6;16;48;2;2;6;15m▔[38;2;2;5;15;48;2;3;6;16m▅[38;2;2;6;16m▃[38;2;3;7;16;48;2;2;6;16m▏[38;2;2;6;15m▂[38;2;2;6;16m▔[0m[38;2;2;6;15m█[48;2;3;7;16m▃[38;2;2;6;16m▕[38;2;2;6;15;48;2;3;6;16m▖[38;2;2;6;16;48;2;3;7;16m▂[38;2;3;6;17;48;2;3;6;16m▗[38;2;3;7;16;48;2;3;7;16m▔[48;2;4;7;16m▆[48;2;3;7;16m▔[48;2;4;8;17m▏[0m[38;2;4;8;17m█[38;2;5;9;18;48;2;4;8;17m▝[38;2;4;8;17;48;2;5;9;18m▂[38;2;5;9;18m▔[48;2;6;10;19m▎[38;2;6;9;21;48;2;6;9;19m▂[38;2;6;10;19;48;2;7;11;19m▎[38;2;7;12;17;48;2;7;11;20m▂[38;2;8;12;21;48;2;8;13;19m▍[38;2;8;13;20m▍[48;2;9;13;21m▊[38;2;9;13;21m▔[38;2;10;15;21;48;2;9;13;22m▁[38;2;10;15;22;48;2;10;14;22m▐[38;2;10;15;21;48;2;10;15;21m▔[0m[38;2;11;16;22m█[48;2;11;16;22m▔▔[38;2;10;15;21m▁[38;2;11;16;22;48;2;12;17;23m▂[38;2;12;17;23;48;2;13;18;24m▋[38;2;13;17;23;48;2;14;18;24m▂[38;2;14;17;24;48;2;15;18;25m▖[38;2;16;19;26;48;2;16;19;26m▔[38;2;19;20;28;48;2;17;19;27m▝[0m
[38;2;86;87;75;48;2;21;23;27m▏[38;2;17;20;28;48;2;17;20;27m▀[38;2;17;20;27;48;2;15;19;26m▘[38;2;13;18;24m▕[38;2;14;19;25;48;2;13;18;24m▔[38;2;13;18;24m▔[38;2;12;17;23m▆[38;2;11;16;22;48;2;12;17;23m▃[0m[38;2;11;16;22m█[38;2;16;19;26;48;2;10;15;21m▕[38;2;153;154;157;48;2;21;25;31m▅[38;2;50;51;56;48;2;10;14;20m▏[38;2;9;14;20;48;2;9;14;20m▔[38;2;8;13;19m▂[38;2;9;14;20;48;2;8;13;19m▎[38;2;8;13;19m▔▔[38;2;8;12;20m▁[38;2;8;12;19;48;2;7;12;18m▎[38;2;6;10;19m▂[38;2;6;11;17;48;2;6;10;18m▘[38;2;6;10;16;48;2;5;10;18m▔[38;2;5;9;20;48;2;5;9;19m▁[38;2;5;9;19;48;2;5;8;19m▘[38;2;4;8;18m▖[38;2;4;8;17m▗[38;2;4;8;18;48;2;4;8;17m▋[0m[38;2;4;8;17m█[38;2;3;7;16;48;2;3;7;16m▔[48;2;4;8;18m▆[38;2;3;7;18;48;2;3;7;16m▔[38;2;3;7;17;48;2;3;6;16m▃[38;2;3;6;18m▔[38;2;3;7;16m▕[38;2;2;6;15;48;2;3;7;16m▂[38;2;3;6;17;48;2;3;6;16m▐[48;2;2;6;16m▏[38;2;2;6;16;48;2;2;5;16m▎[38;2;2;6;15;48;2;2;6;17m▃[48;2;2;5;16m▔[38;2;2;6;16;48;2;2;6;15m▃▀[0m[38;2;2;6;15m█[38;2;1;5;15;48;2;2;6;14m▔[38;2;2;6;15;48;2;2;6;16m▅[0m[38;2;2;6;15m█[38;2;2;6;16;48;2;2;5;15m▘[38;2;2;6;17;48;2;2;6;15m▁[38;2;2;6;15;48;2;1;5;15m▏[48;2;2;6;15m▔[38;2;3;7;16m▝[0m[38;2;2;6;15m█[48;2;3;7;16m▝[0m[38;2;3;7;16m█[48;2;3;7;17m▁[38;2;4;8;17;48;2;4;7;18m▔▔[48;2;4;8;17m▔[38;2;5;9;17;48;2;5;9;18m▖[38;2;7;11;19;48;2;5;10;18m▕[38;2;171;173;174;48;2;11;15;22m▂[38;2;246;247;245;48;2;15;18;24m▂[38;2;245;245;244;48;2;15;19;25m▂[38;2;243;243;243;48;2;16;19;25m▂[38;2;244;244;244;48;2;16;19;26m▂[38;2;245;245;244;48;2;16;20;26m▂[48;2;17;20;26m▂[38;2;246;246;246;48;2;17;21;27m▂[38;2;246;246;245;48;2;17;20;26m▂[38;2;247;248;246;48;2;18;21;27m▂[38;2;79;81;85;48;2;22;26;32m▁[38;2;10;15;21;48;2;10;15;22m▁[0m[38;2;11;16;22m█[48;2;10;15;21m▏[0m[38;2;10;15;21m█[48;2;11;16;22m▆[38;2;11;16;22m▔[38;2;12;17;23;48;2;13;17;24m▆[38;2;14;17;24;48;2;14;17;24m▔[48;2;15;18;25m▆[0m
[38;2;81;83;75;48;2;21;23;27m▏[38;2;17;20;27;48;2;16;18;26m▔[38;2;16;19;26;48;2;14;19;25m▎[38;2;13;18;24;48;2;13;18;24m▔[38;2;12;17;23m▅[38;2;11;16;22;48;2;12;17;23m▅[48;2;11;16;22m▔[48;2;10;15;21m▏[0m[38;2;10;15;21m█[48;2;10;14;21m▔[38;2;10;13;20;48;2;9;14;20m▔[38;2;10;14;21m▝[38;2;9;14;20;48;2;8;13;19m▎[0m[38;2;8;13;19m██[38;2;7;12;18;48;2;7;12;18m▔[38;2;7;11;19;48;2;7;11;18m▝[48;2;6;11;16m▊[38;2;6;11;18;48;2;6;10;20m▋[38;2;6;11;17;48;2;5;9;20m▅[0m[38;2;6;10;19m█[48;2;5;9;19m▔[38;2;5;9;19m▔[38;2;5;8;19;48;2;5;8;18m▘[38;2;5;8;17;48;2;5;8;19m▃[38;2;4;7;17;48;2;4;8;18m▂[38;2;4;7;18;48;2;4;7;18m▔[38;2;3;6;16;48;2;4;7;17m▗[0m[38;2;3;7;16m█[38;2;2;6;16;48;2;2;6;15m▁[38;2;3;7;17m▕[38;2;2;6;17;48;2;2;6;16m▔[38;2;2;6;16;48;2;3;7;17m▅[38;2;2;5;16;48;2;2;5;16m▔[38;2;2;6;15m▂[38;2;1;5;15m▃[38;2;2;5;15m▆[38;2;2;6;16;48;2;2;6;15m▕[38;2;2;6;17m▀[38;2;2;6;15;48;2;2;6;16m▂[38;2;2;6;16;48;2;2;6;17m▆[38;2;2;5;16;48;2;2;6;16m▐[38;2;2;6;15;48;2;1;5;16m▔[0m[38;2;1;5;14m█[48;2;2;6;15m▖[38;2;2;6;16m▝▕[38;2;2;6;15;48;2;2;6;17m▃[38;2;1;5;15;48;2;2;6;16m▔[38;2;2;6;16;48;2;2;6;15m▏▖▕▏[48;2;3;6;16m▖[38;2;4;6;17m▂[38;2;3;6;16;48;2;3;7;17m▎[38;2;3;7;17;48;2;4;8;16m▍[38;2;4;9;19;48;2;5;10;17m▔[38;2;6;11;18;48;2;7;11;18m▋[38;2;7;12;18;48;2;8;13;19m▍[38;2;6;11;16;48;2;168;168;169m▎[38;2;244;244;244;48;2;32;35;41m▁[38;2;66;68;72;48;2;242;243;244m▋[38;2;244;244;243;48;2;193;192;193m▔[38;2;243;243;242;48;2;215;215;214m▔[48;2;244;244;243m▖[38;2;245;245;243;48;2;245;245;243m▔[38;2;154;154;154;48;2;246;246;244m▕[38;2;58;59;60;48;2;165;165;166m▎[38;2;114;115;118;48;2;170;171;172m▐[38;2;245;246;247;48;2;23;26;34m▎[38;2;11;15;21;48;2;11;15;22m▘[0m[38;2;10;15;21m█[38;2;9;14;20;48;2;10;15;21m▁[0m[38;2;10;15;21m█[48;2;10;14;21m▔[48;2;11;16;22m▃[38;2;11;16;22m▔[38;2;15;17;24;48;2;12;16;23m▝[38;2;15;18;25;48;2;14;17;24m▝[0m
[38;2;78;80;73;48;2;20;22;27m▏[38;2;17;18;26;48;2;15;18;25m▏[38;2;14;18;24;48;2;13;18;24m▊[38;2;13;18;24;48;2;12;17;23m▏[38;2;11;16;22;48;2;11;16;22m▔[38;2;10;15;21;48;2;10;15;21m▔▔▔[38;2;9;14;20m▕[0m[38;2;9;14;20m█[48;2;8;13;19m▔▏▏[0m[38;2;8;13;19m█[48;2;7;12;18m▔[38;2;7;12;18m▔[38;2;8;13;19m▔[38;2;7;12;18;48;2;7;12;17m▊[38;2;64;66;68;48;2;6;10;17m▗[38;2;5;9;17;48;2;72;73;75m▀[38;2;5;10;16;48;2;67;69;71m▀[38;2;5;9;16;48;2;95;97;96m▀[48;2;95;96;96m▀[48;2;90;92;92m▀[38;2;4;8;15;48;2;67;69;71m▀[48;2;74;76;77m▀[38;2;47;49;54;48;2;3;7;16m▎[38;2;4;8;17m▁[0m[38;2;3;7;16m█[38;2;2;6;16;48;2;2;6;15m▔[38;2;2;6;15;48;2;2;6;16m▏▕[38;2;2;6;16;48;2;2;6;15m▀[38;2;2;6;15;48;2;2;6;16m▖[0m[38;2;2;6;15m█[38;2;2;6;16;48;2;2;6;15m▗▃[38;2;3;7;16m▁[0m[38;2;2;6;15m█[48;2;2;6;16m▖[38;2;3;7;16;48;2;2;6;15m▔[0m[38;2;1;5;15m█[38;2;1;5;14;48;2;2;6;16m▖[38;2;2;5;14;48;2;1;5;15m▕[0m[38;2;2;5;14m█[38;2;142;144;147;48;2;29;32;39m▗[38;2;116;118;120;48;2;17;21;28m▖[38;2;2;6;15;48;2;2;5;15m▔[48;2;2;5;16m▃[38;2;2;6;14m▅[38;2;2;6;15;48;2;2;6;16m▆▗[48;2;2;6;15m▔[38;2;2;6;16;48;2;3;6;17m▆[38;2;3;6;17;48;2;3;7;16m▀[38;2;4;8;15;48;2;3;7;17m▗[38;2;4;7;18;48;2;4;9;16m▘[38;2;196;197;199;48;2;7;11;17m▕[38;2;7;10;17;48;2;177;178;179m▔[48;2;181;182;183m▔[38;2;105;106;108;48;2;241;241;240m▎[0m[38;2;245;245;243m█[38;2;161;162;163;48;2;245;245;243m▗[38;2;116;117;120;48;2;225;226;225m▖[38;2;17;19;27;48;2;211;211;211m▆[38;2;9;13;19;48;2;211;212;212m▆[38;2;8;13;19;48;2;211;212;211m▆[48;2;212;212;212m▆[38;2;9;13;19;48;2;214;214;215m▆[48;2;215;215;216m▆[38;2;77;79;84;48;2;67;69;71m▔[38;2;74;76;79;48;2;22;24;30m▀[38;2;66;68;70;48;2;28;29;36m▊[38;2;11;13;22;48;2;9;14;20m▎[38;2;10;14;20m▞[38;2;9;14;20;48;2;10;15;21m▁[0m[38;2;10;15;21m██[38;2;12;16;22;48;2;11;15;22m▝[38;2;14;17;24;48;2;13;16;23m▝[0m
[38;2;74;75;72;48;2;18;20;25m▏[38;2;16;17;25;48;2;14;17;24m▏[38;2;13;17;23;48;2;13;18;24m▅[38;2;12;17;23;48;2;11;16;22m▎[38;2;11;16;22m▔[38;2;10;15;21m▃[0m[38;2;10;15;21m█[38;2;9;14;20;48;2;9;14;20m▔[38;2;14;18;25m▁[38;2;27;29;35m▁[38;2;25;27;34;48;2;9;13;19m▁[38;2;23;25;31;48;2;8;13;19m▁[38;2;23;25;32m▁[38;2;21;23;31m▁[0m[38;2;8;13;19m█[38;2;7;12;18m█[38;2;23;25;31;48;2;8;12;19m▁[38;2;26;29;36;48;2;7;12;19m▁[38;2;15;19;25;48;2;99;101;101m▊[38;2;38;40;43;48;2;81;83;83m▘[38;2;80;82;83;48;2;39;39;43m▊[38;2;80;80;83;48;2;97;98;98m▏[38;2;97;99;98;48;2;96;98;97m▅[38;2;36;38;42;48;2;95;97;96m▕[38;2;47;49;54;48;2;77;79;80m▎[38;2;47;49;52;48;2;74;76;78m▝[38;2;88;89;89;48;2;5;9;15m▎[38;2;20;23;29;48;2;4;8;17m▁[38;2;17;21;27;48;2;3;7;16m▁[38;2;3;7;16m▔[0m[38;2;2;6;16m█[38;2;1;5;15;48;2;2;6;16m▝[38;2;2;5;16;48;2;2;6;15m▘[38;2;2;6;15;48;2;3;7;16m▆[48;2;2;6;16m▋[38;2;2;6;16m▔[38;2;2;6;15m▀[38;2;1;5;14m▃[38;2;1;5;15;48;2;1;5;15m▔[38;2;1;5;14m▁▁[38;2;2;6;15;48;2;1;5;14m▏[38;2;1;5;15m▔▃[48;2;1;5;16m▊[38;2;1;4;16;48;2;1;4;14m▘[38;2;1;5;14;48;2;2;5;14m▘[38;2;2;5;14;48;2;1;5;14m▎[38;2;1;5;14;48;2;1;5;15m▋[38;2;2;6;16m▗[38;2;2;6;15;48;2;2;6;16m▍[38;2;2;6;16;48;2;2;6;15m▆[0m[38;2;2;6;15m█[48;2;2;6;15m▔[38;2;3;7;17;48;2;3;6;16m▕[38;2;4;9;15;48;2;3;7;16m▐[38;2;143;144;148;48;2;5;10;16m▗[38;2;236;236;235;48;2;36;39;44m▃[38;2;245;245;244;48;2;150;149;151m▅[38;2;245;245;243;48;2;147;147;150m▅[38;2;179;179;179;48;2;244;243;242m▎[38;2;230;231;230;48;2;245;245;243m▁[38;2;244;245;242;48;2;109;110;112m▊[38;2;35;38;43;48;2;176;176;177m▃[38;2;39;40;45;48;2;8;12;18m▏[38;2;7;11;19;48;2;9;14;20m▆[38;2;6;10;19;48;2;7;12;18m▃[38;2;7;12;18;48;2;6;10;19m▀[38;2;6;10;19;48;2;7;12;18m▃[38;2;7;12;18;48;2;8;13;19m▖[38;2;13;17;23;48;2;64;67;68m▃[38;2;14;18;24;48;2;71;74;76m▃[48;2;68;70;72m▃[38;2;9;13;20;48;2;8;13;19m▔[38;2;8;12;19;48;2;9;13;20m▆[38;2;8;13;19;48;2;9;14;20m▅▖[38;2;10;15;21m▔[48;2;10;15;21m▔[38;2;12;16;22;48;2;14;16;23m▊[0m
[38;2;61;65;65;48;2;17;19;25m▏[38;2;14;17;24;48;2;14;17;24m▔[38;2;11;16;22;48;2;12;16;23m▕[48;2;11;16;22m▔[38;2;10;15;21;48;2;10;15;21m▔[0m[38;2;10;15;21m█[48;2;9;14;20m▔[38;2;9;14;20;48;2;8;13;19m▊[38;2;13;16;23;48;2;104;106;106m▊[38;2;43;44;49;48;2;83;85;86m▖[38;2;82;83;84;48;2;40;41;44m▊[38;2;51;53;58;48;2;76;77;78m▗[38;2;65;65;69;48;2;82;83;84m▕[38;2;75;76;78;48;2;8;11;16m▊[38;2;8;11;20;48;2;8;12;19m▎[38;2;6;11;17;48;2;7;12;18m▗[38;2;18;21;27;48;2;73;74;77m▎[38;2;101;102;103;48;2;78;80;82m▔[38;2;44;45;51;48;2;86;86;87m▖[38;2;100;100;100;48;2;99;99;97m▆[38;2;98;98;97;48;2;99;100;99m▔[38;2;97;99;98;48;2;98;99;98m▝[48;2;98;100;99m▀[38;2;96;98;96;48;2;97;99;98m▔[38;2;95;97;97;48;2;96;98;97m▔[38;2;94;96;93;48;2;94;96;95m▗[38;2;52;54;58;48;2;75;76;77m▗[38;2;62;64;67;48;2;78;80;81m▕[38;2;71;73;74;48;2;4;8;14m▊[38;2;4;9;15;48;2;3;8;16m▂[48;2;3;7;16m▂[38;2;3;7;16;48;2;2;6;16m▂[38;2;3;7;17m▔[38;2;2;6;16m▔[48;2;2;6;15m▖[48;2;1;5;16m▔[38;2;1;5;14;48;2;2;6;15m▖[38;2;2;6;15;48;2;1;5;15m▎[38;2;1;5;15;48;2;1;5;14m▔[38;2;1;5;14m▔[0m[38;2;1;5;14m█████[38;2;1;5;15;48;2;1;5;15m▔[38;2;1;5;14;48;2;2;5;14m▏[38;2;2;5;14;48;2;1;4;14m▏[38;2;1;4;14;48;2;1;5;14m▁[38;2;2;5;14m▂[38;2;2;5;16;48;2;2;5;15m▕[38;2;2;6;15;48;2;2;5;16m▗[38;2;2;6;16;48;2;2;6;15m▎[0m[38;2;2;6;15m█[48;2;3;6;15m▏[38;2;3;7;16;48;2;4;9;16m▍[38;2;18;20;27;48;2;243;243;243m▋[38;2;165;165;165;48;2;241;241;240m▘[0m[38;2;245;245;243m██[38;2;156;157;157;48;2;240;240;239m▔[38;2;39;41;47;48;2;217;217;217m▀[38;2;167;168;169;48;2;33;34;38m▊[38;2;7;12;19;48;2;7;11;17m▀[38;2;6;10;21;48;2;7;12;18m▂[38;2;6;11;18;48;2;6;10;18m▘[0m[38;2;5;9;18m█[38;2;5;9;19;48;2;6;10;19m▕[38;2;5;10;17;48;2;5;9;19m▕[38;2;5;10;16;48;2;7;12;18m▖[38;2;7;12;18;48;2;7;11;19m▆[38;2;6;11;17;48;2;7;12;18m▎[38;2;7;12;18;48;2;8;12;19m▆[38;2;8;11;18;48;2;8;13;19m▃[38;2;8;13;19;48;2;8;12;19m▘[0m[38;2;8;13;19m█[48;2;8;12;19m▔[48;2;8;13;19m▔[38;2;9;14;20;48;2;10;15;21m▏[38;2;13;14;22m▐[0m
[38;2;58;61;59;48;2;19;20;26m▏[0m[38;2;13;16;23m█[38;2;12;16;23;48;2;11;16;22m▊[38;2;11;16;22;48;2;10;15;21m▎[38;2;10;15;21m▔[38;2;9;14;20;48;2;9;14;20m▔[38;2;8;13;19m▁[38;2;94;96;97;48;2;18;21;27m▗[38;2;22;25;32;48;2;71;72;74m▘[38;2;23;24;29;48;2;86;87;88m▔[38;2;6;8;13;48;2;98;100;99m▔[38;2;38;39;43;48;2;100;101;100m▔[38;2;8;9;14;48;2;99;101;100m▔[38;2;49;50;53;48;2;90;92;92m▔[38;2;91;92;92;48;2;7;11;19m▅[38;2;90;92;92;48;2;7;11;18m▅[38;2;50;51;55;48;2;83;84;86m▔[38;2;6;8;12;48;2;82;83;84m▔[38;2;47;48;51;48;2;87;88;89m▔[38;2;98;100;99;48;2;98;99;99m▔[38;2;97;99;98;48;2;97;99;98m▔▔▔[38;2;96;98;97m▅[0m[38;2;96;98;97m█[38;2;95;97;94;48;2;95;97;96m▔[38;2;37;38;42;48;2;94;96;95m▔[38;2;4;5;11m▔[38;2;89;91;90;48;2;44;46;49m▊[38;2;61;62;65;48;2;4;9;15m▅[38;2;66;67;70;48;2;3;8;15m▅[38;2;48;52;56;48;2;3;6;15m▎[38;2;3;7;14m▖[38;2;2;6;16;48;2;2;6;16m▔[38;2;2;6;15;48;2;1;5;16m▐[48;2;2;6;15m▔[48;2;1;5;15m▏▁[0m[38;2;1;5;15m█[38;2;1;5;14;48;2;1;5;15m▔[0m[38;2;1;5;14m███[48;2;1;5;14m▔▔[38;2;0;4;14;48;2;1;5;15m▅[38;2;2;4;14;48;2;1;4;14m▝[38;2;1;5;14;48;2;1;5;14m▔[38;2;2;5;15;48;2;1;4;14m▗[38;2;2;4;15;48;2;2;5;15m▏[38;2;1;5;14m▍[38;2;1;5;15;48;2;2;6;15m▁[38;2;2;6;16m▁▝[38;2;2;6;15;48;2;3;7;17m▊[38;2;3;7;16;48;2;4;9;15m▋[38;2;19;21;27;48;2;242;242;242m▋[38;2;135;136;138;48;2;213;213;213m▗[38;2;243;244;244;48;2;244;245;243m▏[38;2;245;245;242;48;2;245;245;244m▋[38;2;200;200;201;48;2;237;237;235m▕[38;2;229;229;228;48;2;55;57;62m▀[38;2;194;195;194;48;2;35;35;40m▊[38;2;8;12;18;48;2;7;12;17m▅[38;2;6;11;18;48;2;7;11;21m▆[38;2;5;10;17;48;2;6;10;18m▍[38;2;6;10;17m▁[38;2;5;9;15;48;2;5;10;17m▗[38;2;5;8;18;48;2;5;10;15m▀[38;2;5;10;16;48;2;6;11;17m▊[38;2;6;11;17m▔[38;2;7;12;18;48;2;7;12;18m▔▔[48;2;8;11;18m▆[48;2;7;12;18m▔▔[38;2;8;13;19;48;2;8;12;19m▕[48;2;8;13;19m▔[48;2;9;14;20m▖[38;2;10;14;21;48;2;14;14;22m▊[0m
[38;2;61;62;60;48;2;15;18;25m▎[38;2;13;16;22;48;2;12;15;22m▋[38;2;12;15;22;48;2;11;15;22m▎[38;2;10;15;21;48;2;10;15;21m▔[38;2;9;14;20;48;2;9;14;20m▔[0m[38;2;9;14;20m█[38;2;9;13;18;48;2;8;13;19m▗[38;2;7;10;19;48;2;81;82;84m▍[38;2;51;53;56;48;2;85;86;87m▎[38;2;51;52;58;48;2;82;83;85m▝[38;2;71;72;74;48;2;99;102;101m▁[38;2;71;72;75;48;2;99;101;100m▁[38;2;73;74;76m▁[38;2;71;72;75m▁[38;2;72;74;75;48;2;100;102;101m▁[38;2;70;72;72;48;2;99;101;100m▁[38;2;97;99;100;48;2;45;48;51m▋[38;2;94;95;95;48;2;80;81;83m▔[38;2;40;42;46;48;2;84;85;88m▘[38;2;67;70;71;48;2;96;98;98m▁[38;2;66;69;71;48;2;95;98;97m▁[38;2;69;70;73;48;2;96;98;97m▁[38;2;68;69;72m▁[38;2;69;70;73m▁[38;2;68;70;72m▁[38;2;68;70;71;48;2;95;97;96m▁▁[38;2;67;68;71;48;2;94;96;95m▁[38;2;38;41;44;48;2;89;91;91m▕[38;2;39;41;45;48;2;75;77;79m▎[38;2;37;39;44;48;2;72;75;78m▝[38;2;79;83;85;48;2;2;5;13m▎[38;2;2;7;15;48;2;3;7;13m▐[38;2;1;5;14;48;2;2;6;16m▕[48;2;1;5;15m▅[38;2;2;6;15;48;2;1;5;14m▔[38;2;132;132;136;48;2;2;5;13m▗[38;2;147;147;149;48;2;8;11;20m▖[38;2;2;5;15;48;2;1;5;14m▀[38;2;1;5;14;48;2;2;6;16m▅[38;2;1;4;14;48;2;1;5;16m▀[38;2;1;4;15;48;2;1;5;14m▏[0m[38;2;1;4;14m█[38;2;1;5;14;48;2;1;4;14m▝[38;2;1;5;15;48;2;1;5;14m▗[38;2;1;6;14m▗[38;2;1;5;14;48;2;1;4;15m▊[38;2;1;4;15;48;2;1;4;14m▏[38;2;1;5;15;48;2;2;6;15m▆[38;2;2;5;15;48;2;1;5;14m▗[38;2;1;5;14;48;2;1;5;15m▗[38;2;2;6;15;48;2;2;6;15m▔[38;2;2;6;16m▘▂[38;2;2;6;15;48;2;3;6;15m▘[38;2;3;8;14;48;2;3;7;16m▐[38;2;204;204;206;48;2;9;12;19m▝[38;2;242;243;242;48;2;51;52;57m▀[38;2;84;84;87;48;2;240;240;238m▁[38;2;7;10;15;48;2;239;239;237m▁[38;2;201;201;201;48;2;243;243;242m▁[38;2;190;191;191;48;2;245;245;243m▔[38;2;220;220;219;48;2;102;102;104m▊[38;2;8;12;19;48;2;192;192;193m▀[38;2;35;37;43;48;2;7;12;18m▏[38;2;6;10;19;48;2;6;11;17m▗[38;2;6;10;18;48;2;5;10;17m▎[38;2;6;11;16;48;2;6;10;18m▕[38;2;7;12;18;48;2;5;10;16m▃[38;2;6;11;17;48;2;7;11;17m▀[38;2;7;12;18;48;2;7;12;18m▔[38;2;214;214;216;48;2;8;12;17m▗[38;2;8;11;17;48;2;189;190;190m▀[38;2;9;13;20;48;2;8;12;18m▁[38;2;7;12;18;48;2;7;12;18m▔[48;2;6;11;17m▕[0m[38;2;7;12;18m█[38;2;8;12;19;48;2;8;13;19m▁[38;2;8;13;19;48;2;9;14;20m▋[38;2;9;14;20;48;2;12;14;21m▋[0m
[38;2;54;58;58;48;2;14;17;24m▎[38;2;13;16;23;48;2;12;15;22m▋[38;2;9;14;20;48;2;11;15;22m▕[38;2;10;15;21;48;2;9;14;20m▍[38;2;9;14;20m▔[0m[38;2;9;14;20m█[38;2;8;13;19;48;2;8;13;19m▔[38;2;8;12;19;48;2;8;11;17m▊[38;2;7;12;18;48;2;6;11;16m▆[38;2;7;12;16;48;2;6;11;17m▔[38;2;6;9;18;48;2;6;10;16m▗[38;2;5;10;16;48;2;5;9;19m▀[38;2;5;9;18;48;2;5;10;16m▖[48;2;5;9;15m▆[38;2;5;10;14;48;2;5;9;18m▔[38;2;5;8;18;48;2;5;9;15m▆[38;2;4;8;17;48;2;4;9;14m▆[38;2;3;7;17;48;2;4;8;14m▆[0m[38;2;3;7;16m█[38;2;3;7;17;48;2;3;7;14m▆[38;2;3;7;16;48;2;2;7;13m▅[38;2;2;7;13;48;2;2;6;16m▀[38;2;2;6;16;48;2;2;7;14m▅[38;2;2;7;14;48;2;2;5;17m▀[38;2;2;6;16;48;2;2;7;14m▅[48;2;2;6;13m▅[48;2;2;6;15m▖[38;2;3;6;13m▔[38;2;2;6;15;48;2;3;6;13m▆[38;2;3;5;16;48;2;2;6;13m▆[38;2;1;6;12;48;2;2;5;15m▔[38;2;2;7;12;48;2;2;6;15m▘[38;2;2;5;15;48;2;3;7;16m▅[38;2;2;6;15;48;2;2;6;15m▔[48;2;1;5;14m▔[38;2;1;5;14;48;2;2;6;15m▀[38;2;59;60;66;48;2;4;7;16m▔[38;2;88;89;94m▔[38;2;2;6;15;48;2;1;5;15m▖[38;2;1;5;14;48;2;2;5;15m▊[38;2;1;5;13;48;2;1;5;15m▊[38;2;0;6;15;48;2;1;5;14m▘[38;2;1;5;15;48;2;2;4;15m▆[48;2;1;4;14m▎▘[38;2;2;6;13;48;2;1;5;14m▝[38;2;1;5;14m▔[48;2;1;4;15m▕[48;2;2;4;15m▋[48;2;1;4;15m▂[48;2;1;5;16m▀[48;2;2;6;15m▀[38;2;2;5;15;48;2;2;5;16m▝[38;2;2;5;16;48;2;2;5;15m▀[38;2;2;6;15;48;2;2;5;16m▔[38;2;3;6;16;48;2;3;7;17m▊[38;2;3;7;17;48;2;4;9;15m▊[38;2;232;233;233;48;2;8;11;18m▕[38;2;7;9;17;48;2;178;178;178m▝[38;2;215;215;215;48;2;7;10;16m▃[38;2;126;128;128;48;2;244;245;244m▎[38;2;245;245;243;48;2;244;244;244m▀[48;2;110;110;112m▊[38;2;6;9;16;48;2;193;193;194m▘[38;2;94;95;97;48;2;16;20;26m▁[38;2;91;92;96;48;2;7;11;18m▁[38;2;88;89;92;48;2;6;11;18m▁[38;2;89;90;93;48;2;7;12;18m▁[38;2;94;95;97m▁[38;2;99;100;101m▁[38;2;104;105;106;48;2;8;12;19m▁[38;2;215;216;217;48;2;23;26;31m▐[38;2;209;210;210;48;2;44;46;50m▊[38;2;9;12;20;48;2;8;12;19m▔[38;2;7;12;18;48;2;7;12;18m▔[38;2;7;11;17m▞[38;2;7;11;19m▀[38;2;8;12;18m▐[38;2;8;13;19;48;2;9;14;20m▋[38;2;9;14;20;48;2;10;13;20m▘[0m
[38;2;61;65;63;48;2;17;18;24m▏[38;2;12;15;22;48;2;13;16;22m▐[48;2;10;15;21m▎[38;2;10;15;21;48;2;9;14;20m▎[0m[38;2;9;13;20m█[38;2;146;146;149;48;2;13;17;23m▁[38;2;30;34;40;48;2;8;13;19m▁[38;2;7;12;18;48;2;7;12;18m▔[38;2;6;10;16;48;2;7;11;18m▕[38;2;6;11;17;48;2;6;9;19m▘[38;2;5;10;18m▖[38;2;5;9;20;48;2;5;9;18m▃[38;2;5;9;19m▖[38;2;5;8;20;48;2;5;8;18m▂[38;2;5;8;19m▃[0m[38;2;4;8;17m█[48;2;4;8;17m▔[0m[38;2;3;7;16m██[48;2;3;7;17m▏[38;2;3;6;16;48;2;3;6;16m▔[48;2;2;6;15m▃[38;2;3;7;16m▃[38;2;2;6;15;48;2;2;6;16m▗▊[38;2;2;6;16;48;2;2;6;15m▅[48;2;2;5;15m▘[48;2;2;5;16m▗[38;2;2;5;16;48;2;2;6;15m▀▀[0m[38;2;2;6;15m█[38;2;1;5;14;48;2;1;5;14m▔[48;2;2;6;15m▔▕▀[38;2;2;6;15;48;2;1;5;15m▖[38;2;1;5;15;48;2;2;6;16m▅[38;2;1;5;14;48;2;1;5;16m▅[38;2;1;5;15;48;2;1;5;14m▔▐[38;2;1;5;14;48;2;1;5;15m▔▁[38;2;1;5;15;48;2;1;5;14m▎[38;2;1;5;16;48;2;1;5;15m▖[38;2;1;5;15;48;2;1;4;15m▆[38;2;2;5;16;48;2;1;5;15m▘[38;2;1;4;15;48;2;1;4;15m▔[38;2;2;6;15;48;2;1;5;15m▂[38;2;1;5;16;48;2;1;6;15m▕[38;2;2;6;16;48;2;2;6;16m▔[38;2;3;7;16;48;2;2;6;15m▂[38;2;2;6;16m▐[38;2;3;6;15;48;2;2;5;16m▔[38;2;2;5;16;48;2;2;5;15m▍[38;2;2;6;17m▐[38;2;2;6;15;48;2;2;6;17m▝[38;2;2;6;16;48;2;3;7;16m▍[38;2;4;7;16;48;2;4;7;15m▊[38;2;6;8;12;48;2;4;8;16m▔[38;2;8;10;15;48;2;5;10;16m▔[38;2;6;9;13;48;2;175;175;176m▎[38;2;22;25;31;48;2;245;246;244m▆[38;2;7;11;17;48;2;194;195;194m▖[38;2;136;136;135;48;2;215;216;214m▁[38;2;247;247;247;48;2;245;245;243m▔[38;2;245;245;243;48;2;246;246;244m▃[38;2;247;247;248;48;2;245;245;243m▔[38;2;248;248;248m▔[38;2;247;248;246;48;2;246;245;244m▔[38;2;138;138;140;48;2;246;247;245m▆[38;2;197;197;197;48;2;83;84;87m▊[38;2;26;28;33;48;2;222;224;224m▐[38;2;10;14;20;48;2;7;12;18m▘[38;2;8;13;19;48;2;6;11;17m▎[38;2;6;11;17m▔▔[48;2;7;12;18m▅[0m[38;2;7;12;18m█[48;2;8;13;19m▖[38;2;8;13;19;48;2;11;13;20m▋[0m
[38;2;63;66;64;48;2;18;20;26m▏[38;2;15;16;23;48;2;12;16;23m▏[38;2;11;16;22;48;2;10;15;21m▊[38;2;10;15;21;48;2;9;14;20m▎[38;2;9;14;20;48;2;8;12;19m▍[38;2;26;29;36;48;2;213;213;214m▆[38;2;60;63;69;48;2;9;13;19m▏[38;2;7;12;18;48;2;7;12;18m▔[38;2;7;11;17;48;2;6;11;18m▁[38;2;6;10;17;48;2;6;9;18m▖[38;2;5;10;16;48;2;5;9;18m▍[38;2;5;8;19;48;2;5;9;17m▀[38;2;4;8;19;48;2;5;9;18m▀[38;2;5;8;19;48;2;4;8;17m▊[48;2;5;8;18m▔[38;2;4;8;18;48;2;4;8;17m▝[38;2;4;8;17;48;2;3;7;17m▔[48;2;3;7;16m▔[38;2;3;7;16m▔[38;2;4;6;17m▔[38;2;3;7;16m▔[48;2;2;6;16m▊[48;2;2;6;15m▏[48;2;2;5;15m▁[38;2;3;6;16;48;2;2;6;16m▃[38;2;3;7;16;48;2;2;6;15m▁[38;2;2;6;17;48;2;2;6;16m▕[38;2;2;6;16;48;2;2;6;15m▎[0m[38;2;2;6;15m█[38;2;2;5;15;48;2;3;6;15m▘[38;2;3;7;16;48;2;2;6;15m▁[38;2;2;5;16m▝[38;2;2;5;15;48;2;1;5;14m▊[38;2;1;5;16;48;2;1;5;15m▝[38;2;1;5;15;48;2;2;6;15m▏[38;2;2;6;15;48;2;1;5;14m▘[38;2;1;5;15;48;2;1;4;14m▏[38;2;1;5;14;48;2;1;4;15m▃[38;2;2;6;14;48;2;1;5;14m▁▂[0m[38;2;1;4;15m█[38;2;1;5;14m█[38;2;1;4;16;48;2;1;4;14m▝[38;2;1;5;15;48;2;1;4;15m▁[38;2;1;5;16;48;2;1;5;14m▁[38;2;1;4;15;48;2;1;4;14m▘[38;2;1;5;14;48;2;1;6;15m▍[38;2;2;6;14;48;2;44;46;51m▊[38;2;65;67;69;48;2;3;6;15m▅[38;2;60;62;64;48;2;2;5;13m▅[38;2;67;68;70;48;2;1;6;14m▅[38;2;64;67;69;48;2;2;6;15m▅[38;2;59;61;64;48;2;2;6;14m▅[38;2;3;7;14;48;2;2;6;15m▗[38;2;3;7;16m▖[38;2;2;5;16m▃[38;2;2;5;15;48;2;2;6;16m▏[38;2;2;6;16;48;2;3;6;17m▗[38;2;4;7;18;48;2;3;7;16m▀[38;2;4;9;15;48;2;3;7;17m▔[38;2;203;203;203;48;2;32;35;42m▝[38;2;189;189;189;48;2;4;8;16m▀[38;2;199;199;199m▀[38;2;206;207;208;48;2;5;9;17m▀[38;2;215;215;215;48;2;5;8;18m▀[48;2;5;9;18m▀[38;2;216;216;216;48;2;5;9;17m▀[48;2;5;10;16m▀▀[38;2;188;189;189;48;2;6;10;17m▀[38;2;185;186;186m▀[38;2;209;212;212;48;2;10;13;20m▘[38;2;5;10;16;48;2;7;10;17m▃[38;2;6;11;17;48;2;5;10;16m▔[38;2;5;9;18;48;2;5;9;16m▁[38;2;5;10;16;48;2;5;9;17m▔[38;2;5;9;17;48;2;5;10;17m▎[38;2;6;11;17;48;2;7;12;18m▅[38;2;8;13;19m▔[38;2;9;13;19;48;2;11;11;21m▊[0m
[38;2;61;65;61;48;2;14;17;23m▏[38;2;14;15;22;48;2;12;15;22m▏[38;2;14;19;25;48;2;10;14;21m▔[38;2;9;14;21;48;2;9;14;20m▊[38;2;9;14;20;48;2;8;13;19m▔[38;2;8;13;19;48;2;7;12;18m▁[38;2;7;12;18m▔▔[38;2;5;10;15;48;2;6;11;17m▕[38;2;5;10;16;48;2;5;9;18m▋[38;2;6;10;18m▅[0m[38;2;5;10;17m█[38;2;5;9;16;48;2;5;9;18m▆[38;2;5;8;18;48;2;4;8;18m▏[38;2;4;8;17;48;2;5;9;17m▝[48;2;4;8;17m▔[38;2;3;7;17;48;2;3;7;17m▔[48;2;3;7;16m▁[38;2;4;8;17m▎[0m[38;2;3;7;16m█[48;2;3;7;16m▔[38;2;3;6;16;48;2;3;6;17m▘[38;2;3;7;17m▗[48;2;3;7;16m▕[38;2;3;6;17;48;2;3;6;16m▘[38;2;2;6;16;48;2;2;6;15m▗[48;2;2;6;16m▔[0m[38;2;1;6;15m█[38;2;2;6;13;48;2;2;5;15m▕[38;2;2;7;14;48;2;2;6;15m▖[38;2;2;6;16m▂[38;2;2;6;15m▔[38;2;2;5;16;48;2;2;5;14m▃[38;2;2;6;16;48;2;1;5;14m▅[48;2;1;5;15m▁[38;2;1;5;15;48;2;1;5;14m▂▏[38;2;2;5;14m▝[38;2;1;5;14m▔[38;2;2;6;13;48;2;1;5;15m▘[38;2;1;5;15;48;2;1;5;14m▖[38;2;1;5;14;48;2;1;5;15m▞▔[38;2;1;5;15;48;2;1;4;15m▐[38;2;1;6;14;48;2;1;5;15m▁[38;2;58;61;65;48;2;1;5;14m▁[38;2;84;86;88;48;2;2;6;14m▁[38;2;13;16;22;48;2;74;77;77m▊[38;2;41;43;48;48;2;77;79;81m▘[38;2;45;47;52;48;2;78;81;81m▝[38;2;28;29;34;48;2;78;79;80m▝[38;2;91;93;92;48;2;76;78;79m▔[38;2;13;15;22;48;2;68;70;71m▕[38;2;84;85;88;48;2;3;7;15m▁[38;2;82;85;87m▁[38;2;82;84;87m▁[38;2;81;83;86;48;2;3;7;14m▁[38;2;83;84;86m▁[38;2;86;87;89m▁[38;2;86;89;93;48;2;3;8;14m▁[38;2;29;33;40;48;2;3;8;15m▁[38;2;3;7;16;48;2;3;7;17m▗[38;2;3;7;17;48;2;3;7;16m▀[38;2;3;7;16m▔[48;2;4;7;17m▅[38;2;4;7;16;48;2;3;7;16m▀[38;2;4;7;17m▝[38;2;3;7;17;48;2;4;8;17m▅[48;2;4;9;16m▆[38;2;3;7;18;48;2;5;9;16m▆[38;2;3;7;16;48;2;4;8;17m▂[38;2;4;7;18;48;2;5;9;16m▆[38;2;4;8;15;48;2;5;10;16m▆[38;2;4;9;15;48;2;4;9;16m▖[38;2;5;9;16;48;2;5;8;18m▐[38;2;4;9;17;48;2;5;10;16m▊[38;2;5;10;16;48;2;4;9;15m▋[38;2;6;10;17;48;2;5;10;17m▝[38;2;6;11;17;48;2;7;12;18m▖[38;2;12;15;22;48;2;8;12;19m▕[0m
[38;2;57;61;60;48;2;16;18;25m▏[38;2;12;15;20;48;2;11;15;22m▍[38;2;11;15;22;48;2;10;15;21m▏[38;2;9;14;20;48;2;9;14;20m▔[0m[38;2;9;14;20m█[38;2;8;13;19m█[38;2;7;12;18;48;2;8;13;19m▔▀[38;2;6;11;16;48;2;7;12;18m▕[38;2;6;9;19;48;2;6;10;17m▗[38;2;5;10;17m▏[38;2;5;9;17;48;2;5;10;16m▏[38;2;5;10;16;48;2;4;9;17m▎[38;2;5;9;18;48;2;5;10;17m▍[38;2;5;10;16m▅[38;2;3;7;16;48;2;4;9;15m▝[38;2;5;9;17;48;2;4;8;17m▂[38;2;4;8;18m▐[38;2;4;8;16;48;2;4;8;18m▗[38;2;4;8;15;48;2;4;8;17m▅[38;2;4;8;14;48;2;3;7;16m▅[38;2;3;8;15;48;2;3;6;17m▆[38;2;3;8;14m▅[38;2;3;7;14;48;2;3;7;16m▁[38;2;3;6;15;48;2;2;6;16m▕[38;2;2;6;16;48;2;2;6;15m▅[38;2;2;6;15m▔[38;2;2;6;16;48;2;2;5;16m▏[38;2;1;6;13m▕[48;2;2;6;14m▏[38;2;2;6;14;48;2;2;5;16m▁[38;2;2;5;15;48;2;2;6;15m▏[38;2;1;5;14;48;2;2;5;14m▕[0m[38;2;1;5;15m█[38;2;1;5;14;48;2;1;6;15m▖[38;2;1;5;16;48;2;2;6;15m▔[38;2;2;6;15;48;2;1;5;14m▏[0m[38;2;1;5;14m██[48;2;1;5;15m▎[38;2;1;5;15;48;2;1;5;14m▘[38;2;1;5;14m▔[0m[38;2;1;5;15m█[38;2;2;6;13;48;2;2;6;15m▁[38;2;1;6;14;48;2;2;6;14m▝[38;2;2;3;10;48;2;58;61;64m▎[38;2;4;6;11;48;2;66;69;71m▁[38;2;32;34;39;48;2;61;63;65m▁[38;2;88;90;89;48;2;89;89;89m▖[38;2;89;91;90;48;2;88;90;89m▁[38;2;88;90;89;48;2;89;91;90m▏[38;2;89;91;91m▞[38;2;89;90;89;48;2;89;91;91m▅[38;2;26;28;32;48;2;60;62;65m▖[38;2;5;6;10;48;2;58;60;62m▁[38;2;63;64;67;48;2;89;91;91m▏[38;2;88;89;88;48;2;88;90;89m▝[38;2;56;58;60;48;2;89;91;90m▕[38;2;3;6;11;48;2;60;62;65m▁[38;2;14;17;22;48;2;59;61;64m▁[38;2;89;93;94;48;2;8;11;19m▎[38;2;3;8;14;48;2;3;8;16m▁[48;2;3;7;15m▗[38;2;3;7;15;48;2;2;6;15m▖[38;2;2;6;15;48;2;3;6;16m▖[38;2;3;7;17;48;2;2;6;16m▘[38;2;3;6;16;48;2;3;7;16m▅[38;2;3;6;17;48;2;3;6;17m▔[38;2;2;6;16m▖[38;2;3;7;16m▅[0m[38;2;3;7;16m█[38;2;4;7;18;48;2;3;7;16m▝[38;2;4;9;16;48;2;4;8;17m▝[38;2;5;9;17;48;2;4;9;16m▎[38;2;4;9;16;48;2;5;10;16m▁[38;2;5;10;16;48;2;5;9;16m▔[0m[38;2;5;10;16m██[38;2;6;11;17;48;2;7;11;17m▋[38;2;7;12;18;48;2;9;12;19m▍[0m
[38;2;61;64;63;48;2;16;17;24m▏[38;2;14;16;22;48;2;12;16;24m▎[38;2;12;16;24;48;2;11;15;22m▎[38;2;9;14;20;48;2;10;15;21m▕[38;2;10;15;21;48;2;9;14;20m▁[38;2;9;14;20;48;2;8;13;19m▖[38;2;8;13;19m▔▔[48;2;7;12;18m▏[38;2;7;12;18;48;2;8;13;19m▀[38;2;6;11;15;48;2;7;11;18m▘[38;2;6;10;18;48;2;6;11;17m▏[38;2;98;30;33;48;2;6;9;16m▂[38;2;183;46;46;48;2;7;9;16m▂[38;2;183;47;48;48;2;8;9;16m▂[38;2;187;49;50m▂[38;2;188;48;50;48;2;8;8;16m▂[38;2;188;49;50;48;2;7;8;15m▂[38;2;187;48;49m▂[38;2;187;46;49;48;2;7;7;15m▂[38;2;184;46;48;48;2;6;7;14m▂[38;2;185;47;49m▂[38;2;185;48;47;48;2;5;8;14m▂[38;2;140;40;42;48;2;4;7;14m▂[38;2;5;8;15;48;2;3;6;15m▁[38;2;3;7;15;48;2;3;7;16m▂[38;2;2;6;15;48;2;2;6;16m▂[38;2;2;6;16;48;2;2;6;17m▐[38;2;3;7;16;48;2;2;6;15m▂[38;2;2;6;15;48;2;3;7;16m▀[38;2;2;6;16;48;2;2;6;15m▗[38;2;2;5;16m▍[38;2;2;6;16;48;2;1;5;15m▃[0m[38;2;1;5;14m█[48;2;2;5;15m▏[48;2;2;6;15m▅[48;2;1;5;14m▔[38;2;2;6;15m▔[38;2;1;5;15m▂[38;2;1;5;14;48;2;1;4;15m▁[48;2;1;4;16m▂[38;2;1;5;16;48;2;1;5;14m▆[38;2;1;6;13;48;2;44;46;51m▊[38;2;65;66;69;48;2;10;13;21m▅[38;2;62;64;67;48;2;9;12;19m▅[38;2;44;44;48;48;2;87;88;88m▎[38;2;77;80;83;48;2;88;90;89m▔[38;2;80;82;84m▔[0m[38;2;88;90;89m█[38;2;90;92;91;48;2;89;91;90m▕[38;2;91;93;92;48;2;90;92;91m▕[38;2;88;92;91;48;2;90;91;91m▘[38;2;89;89;88;48;2;89;91;90m▘[38;2;79;80;82m▔[38;2;77;79;80;48;2;89;91;89m▔[38;2;88;90;90;48;2;89;91;90m▘[38;2;90;92;91m▅[38;2;89;91;90;48;2;90;92;91m▕[38;2;79;81;83;48;2;90;92;92m▔[38;2;79;80;82;48;2;90;92;90m▔[38;2;70;73;74;48;2;32;35;40m▅[38;2;71;73;75;48;2;11;14;22m▅[38;2;59;61;64;48;2;9;13;19m▅[38;2;3;6;16;48;2;2;7;14m▍[38;2;2;6;17;48;2;2;6;15m▖[38;2;2;6;15m▔[48;2;2;6;16m▀[38;2;2;6;16;48;2;2;6;15m▖[38;2;3;6;16;48;2;2;6;16m▔[38;2;3;7;17m▕[38;2;2;6;17;48;2;3;7;17m▎[38;2;3;6;17;48;2;2;6;16m▝[38;2;3;7;18;48;2;3;7;17m▐[48;2;4;9;15m▎[38;2;4;7;17;48;2;4;9;16m▖[38;2;4;8;17;48;2;5;10;16m▘[0m[38;2;5;10;16m█[38;2;6;11;17;48;2;5;10;16m▕[48;2;6;11;17m▔[38;2;7;11;18;48;2;9;11;18m▊[0m
[38;2;59;64;60;48;2;16;17;24m▏[38;2;13;16;24;48;2;14;16;23m▐[38;2;12;16;22;48;2;12;16;23m▐[38;2;11;16;22;48;2;11;15;21m▁[38;2;10;15;21;48;2;10;15;21m▔[0m[38;2;9;14;20m█[48;2;8;13;19m▏[38;2;7;12;18;48;2;8;12;19m▔[0m[38;2;8;13;19m█[38;2;7;12;18;48;2;7;12;18m▔[38;2;8;12;18m▕[38;2;8;11;18;48;2;7;11;18m▏[38;2;209;58;56;48;2;30;9;14m▐[38;2;144;32;32;48;2;199;45;44m▎[38;2;229;50;48;48;2;173;40;40m▕[38;2;142;34;33;48;2;196;43;42m▗[38;2;225;53;53;48;2;237;46;45m▏[38;2;237;47;45;48;2;238;46;44m▔[38;2;238;45;43;48;2;238;47;44m▃[38;2;238;45;44;48;2;238;45;43m▗[38;2;237;45;43;48;2;235;46;44m▃[38;2;141;29;29;48;2;226;49;47m▐[38;2;222;51;49;48;2;138;29;29m▊[38;2;188;49;49;48;2;31;1;5m▊[38;2;7;6;16;48;2;4;8;14m▍[38;2;5;8;15m▖[38;2;3;6;16;48;2;3;7;13m▃[38;2;3;7;14;48;2;2;7;16m▎[38;2;2;7;15;48;2;2;6;15m▊[38;2;3;7;16m▔[38;2;2;6;15;48;2;2;6;16m▎▐[48;2;1;5;14m▊[38;2;2;6;16;48;2;1;5;15m▁[38;2;2;6;15;48;2;1;5;14m▅[38;2;1;6;12m▗[38;2;2;6;14m▖[38;2;1;5;15m▅▀[0m[38;2;1;5;14m██[38;2;2;4;15;48;2;1;5;14m▝[38;2;1;5;13;48;2;56;58;62m▊[38;2;2;5;11;48;2;61;62;65m▁[38;2;2;6;10;48;2;63;66;67m▁[38;2;3;6;12;48;2;78;79;80m▁[38;2;3;5;11;48;2;85;86;86m▁[48;2;85;87;86m▁[38;2;2;5;12;48;2;85;87;87m▁[38;2;3;6;12;48;2;86;88;87m▁[38;2;2;5;11;48;2;87;88;88m▁[48;2;87;89;88m▁▁[48;2;86;88;88m▁[48;2;86;88;87m▁[38;2;4;6;11;48;2;87;89;88m▁[38;2;2;4;10;48;2;88;89;89m▁[38;2;3;5;11;48;2;88;90;89m▁[38;2;2;5;11;48;2;87;89;89m▁[38;2;3;6;12;48;2;87;88;88m▁[48;2;67;69;70m▁[48;2;72;74;75m▁[38;2;57;61;62;48;2;11;14;21m▊[38;2;2;6;14;48;2;2;6;14m▔[38;2;2;6;16;48;2;2;6;15m▘[38;2;2;6;15m▔[38;2;3;7;17;48;2;3;7;16m▐[38;2;2;6;15;48;2;3;7;17m▔[38;2;3;7;16;48;2;2;6;16m▁[48;2;4;7;16m▊[38;2;3;7;17;48;2;3;7;16m▕[38;2;3;7;16;48;2;3;6;17m▔[38;2;3;6;16;48;2;3;8;14m▎[38;2;4;8;17;48;2;4;8;15m▐[38;2;4;9;16;48;2;5;9;16m▔[38;2;4;9;18;48;2;5;10;16m▖[38;2;5;10;16m▔[38;2;6;11;17m▗[48;2;6;11;17m▔[38;2;7;12;18;48;2;9;11;19m▊[0m
[38;2;49;51;48;48;2;16;17;25m▍[38;2;15;17;24;48;2;13;16;23m▋[38;2;13;16;23;48;2;12;15;22m▎[38;2;12;15;22;48;2;11;15;22m▎[38;2;10;15;21;48;2;10;15;21m▔[38;2;9;14;20m▐[38;2;10;15;21;48;2;9;14;20m▂[38;2;9;14;20;48;2;8;13;19m▂[38;2;8;13;19m▔[48;2;7;12;18m▁[38;2;8;11;19;48;2;12;10;17m▊[38;2;155;42;43;48;2;18;8;14m▆[38;2;130;31;33;48;2;211;49;47m▘[38;2;199;48;47;48;2;90;17;18m▊[38;2;64;22;25;48;2;224;54;52m▆[38;2;208;60;63;48;2;236;48;47m▏[38;2;237;45;42;48;2;237;46;45m▗[38;2;239;44;44;48;2;238;44;43m▐[48;2;239;45;44m▊[38;2;239;45;44;48;2;239;45;43m▆[38;2;236;47;45;48;2;238;45;43m▕[38;2;95;25;27;48;2;226;50;48m▆[38;2;226;51;50;48;2;99;22;23m▐[38;2;170;38;37;48;2;223;47;45m▔[38;2;184;47;46;48;2;21;4;10m▆[38;2;46;1;3;48;2;5;6;13m▏[38;2;4;7;14;48;2;2;7;12m▊[38;2;2;7;14;48;2;2;7;16m▍[38;2;3;7;15;48;2;2;7;15m▗[48;2;2;7;14m▖[38;2;2;6;16;48;2;2;6;15m▔▖[38;2;2;5;17;48;2;2;5;15m▁[38;2;3;5;16m▗[38;2;2;5;16m▆[38;2;2;6;15;48;2;1;5;14m▏[38;2;1;5;14;48;2;2;5;16m▍[38;2;2;6;15;48;2;1;5;14m▎[38;2;1;5;14;48;2;1;5;16m▋[38;2;1;5;16;48;2;1;5;14m▅[0m[38;2;1;5;14m█[48;2;1;5;14m▔▔[48;2;1;5;15m▁[48;2;1;5;14m▔[38;2;1;4;15m▂[38;2;1;5;15;48;2;2;5;15m▆[48;2;1;5;14m▀[48;2;1;5;16m▃[38;2;1;5;16;48;2;1;5;15m▂[38;2;1;5;14m▝[38;2;1;5;15;48;2;1;5;16m▔[38;2;1;4;15;48;2;1;5;15m▅[38;2;1;5;15;48;2;1;4;15m▔▕[38;2;2;5;15;48;2;1;5;15m▔[38;2;1;5;15m▔▔[38;2;1;6;14;48;2;1;5;14m▕[38;2;1;5;15;48;2;2;4;16m▊[38;2;1;5;14;48;2;2;6;15m▂[38;2;2;6;15m▔[48;2;2;6;16m▃▁[48;2;1;5;15m▏[0m[38;2;1;5;15m█[38;2;2;6;17;48;2;2;6;16m▐[38;2;3;7;17;48;2;2;6;17m▐[38;2;2;6;15;48;2;3;7;17m▕[38;2;3;7;16;48;2;2;6;15m▔[38;2;3;7;17;48;2;3;7;16m▃[0m[38;2;3;6;17m█[38;2;4;7;17;48;2;3;7;15m▆[38;2;3;7;13;48;2;4;8;16m▕[38;2;190;190;192;48;2;47;50;55m▝[38;2;68;71;75;48;2;5;9;15m▎[38;2;5;10;16;48;2;5;9;16m▗[48;2;5;10;16m▔[38;2;6;11;17;48;2;7;12;18m▋[38;2;13;15;22;48;2;8;11;18m▕[0m
[38;2;65;66;60;48;2;17;19;25m▏[38;2;15;17;24;48;2;14;17;24m▋[38;2;14;17;24;48;2;13;16;23m▃[38;2;12;15;24;48;2;11;15;22m▍[38;2;10;15;21m▗[0m[38;2;10;15;21m█[48;2;10;14;21m▔[38;2;9;13;20;48;2;9;14;20m▕[38;2;7;12;18;48;2;9;12;19m▕[48;2;10;11;19m▊[38;2;8;11;19;48;2;12;11;17m▊[38;2;17;10;16;48;2;156;43;45m▂[38;2;123;32;31;48;2;212;51;49m▖[38;2;149;40;40;48;2;202;45;43m▔[38;2;229;50;47;48;2;38;8;14m▅[38;2;220;53;53;48;2;235;47;45m▏[38;2;237;48;48;48;2;237;45;43m▁[38;2;237;48;46;48;2;238;44;42m▁[38;2;237;47;45;48;2;238;45;44m▖[38;2;235;49;47m▁[38;2;233;50;46;48;2;237;46;42m▁[38;2;232;49;46;48;2;76;18;21m▅[38;2;90;21;23;48;2;231;51;48m▘[38;2;168;39;39;48;2;223;48;45m▕[38;2;13;5;11;48;2;181;47;47m▂[38;2;46;5;6;48;2;6;6;13m▏[38;2;4;8;15;48;2;3;7;12m▋[38;2;3;8;14;48;2;3;7;15m▎[38;2;3;7;16;48;2;3;8;15m▁[38;2;3;7;17;48;2;2;7;15m▂[38;2;2;6;15;48;2;2;6;15m▔[38;2;2;6;16m▕[38;2;2;6;15;48;2;2;6;16m▅[38;2;3;5;16;48;2;2;6;15m▔[38;2;2;6;15m▔[38;2;2;6;13;48;2;2;6;14m▐[38;2;2;6;14;48;2;2;5;15m▏[38;2;1;5;14m▘[38;2;2;6;15;48;2;2;5;16m▘[38;2;1;5;14m▔[48;2;1;5;14m▔▔[38;2;2;6;15m▘[38;2;1;4;15m▆[38;2;1;5;15;48;2;1;4;14m▔[38;2;1;5;14;48;2;1;4;15m▆[48;2;1;5;15m▃[38;2;1;5;13;48;2;1;5;14m▀[38;2;1;5;14;48;2;1;5;13m▐[38;2;1;4;15;48;2;1;4;15m▔[38;2;1;5;15;48;2;1;5;16m▁[38;2;1;5;14;48;2;1;5;15m▂[38;2;1;4;15;48;2;1;5;14m▀▔[38;2;1;5;14m▔[38;2;184;184;187;48;2;7;9;17m▗[38;2;178;178;180;48;2;5;8;17m▖[38;2;1;5;15;48;2;1;5;14m▝[38;2;2;6;15m▔[38;2;1;5;14;48;2;1;5;15m▆[38;2;1;4;15;48;2;1;5;14m▎[38;2;1;5;14;48;2;2;5;14m▖[38;2;1;6;15;48;2;1;5;16m▀[38;2;1;5;15;48;2;2;6;15m▅[38;2;2;6;16;48;2;2;6;16m▔[38;2;2;6;15m▞[38;2;1;5;15m▘[38;2;2;6;15;48;2;3;7;17m▆[48;2;2;6;15m▔[38;2;3;7;16;48;2;3;6;17m▊▂[38;2;3;7;17m▁[38;2;4;7;17;48;2;2;6;16m▀[38;2;3;7;17;48;2;3;8;15m▎[38;2;4;9;15;48;2;4;9;15m▔[0m[38;2;5;9;16m█[38;2;5;10;16;48;2;5;9;16m▞[38;2;6;11;17;48;2;5;10;16m▎[48;2;7;12;18m▋[38;2;11;12;20;48;2;8;12;18m▕[0m
[38;2;72;73;65;48;2;17;19;24m▏[38;2;15;18;25;48;2;14;17;24m▆▎[38;2;14;17;24;48;2;12;16;22m▎[38;2;11;15;22;48;2;12;15;22m▀[0m[38;2;11;15;22m█[38;2;10;15;21m█[48;2;9;14;20m▃[38;2;10;14;20;48;2;9;13;20m▖[38;2;9;12;19;48;2;10;13;20m▀[48;2;9;12;19m▔[38;2;9;13;21m▔[38;2;212;60;59;48;2;32;11;15m▐[38;2;144;30;31;48;2;199;48;47m▖[38;2;231;50;46;48;2;174;42;40m▁[38;2;147;31;30;48;2;197;45;43m▗[38;2;218;47;47;48;2;135;32;32m▊[38;2;144;32;32;48;2;211;47;47m▏[38;2;141;33;32;48;2;225;52;49m▍[38;2;147;31;30;48;2;193;45;44m▖[38;2;231;49;47;48;2;173;40;39m▏[38;2;210;45;44;48;2;140;31;32m▋[38;2;219;50;48;48;2;140;32;34m▊[38;2;188;49;48;48;2;27;2;6m▊[38;2;7;6;16;48;2;5;8;14m▍[38;2;4;8;15;48;2;4;7;15m▔[38;2;4;7;14;48;2;3;8;14m▋[38;2;3;8;14;48;2;2;7;12m▊[38;2;3;7;17;48;2;3;7;14m▝[38;2;3;8;14;48;2;3;7;16m▖[38;2;2;7;14;48;2;2;6;15m▂[38;2;161;162;165;48;2;5;9;17m▗[38;2;162;163;166;48;2;4;8;16m▖[38;2;2;6;14;48;2;2;6;15m▁[38;2;3;7;14m▝[38;2;2;7;15m▏[38;2;2;6;15m▔[48;2;2;6;16m▅[38;2;2;6;17;48;2;2;6;15m▔[38;2;2;6;14;48;2;2;6;16m▃[48;2;1;5;15m▘[38;2;2;5;15;48;2;1;5;14m▁[38;2;1;4;15m▅[38;2;2;5;14;48;2;1;4;15m▂[38;2;2;5;15;48;2;1;5;14m▊[38;2;1;4;15;48;2;1;4;14m▖[0m[38;2;1;5;14m█[48;2;1;5;14m▔[38;2;1;4;15m▕[38;2;1;5;14;48;2;1;4;15m▝[38;2;2;4;15;48;2;1;4;14m▔[38;2;1;5;15m▗[38;2;1;5;14;48;2;1;5;15m▀▁[48;2;1;4;14m▆[38;2;2;6;14;48;2;1;4;13m▕[38;2;3;6;13m▔[38;2;1;4;14;48;2;1;5;14m▁[38;2;1;5;14;48;2;0;4;14m▔[48;2;1;5;14m▔[38;2;2;6;15m▕[48;2;2;6;15m▔[38;2;3;7;16m▁[38;2;2;6;15m▔[38;2;2;6;16m▁[38;2;2;6;15;48;2;2;6;16m▊[38;2;3;7;16;48;2;2;6;15m▃[38;2;2;6;15;48;2;3;7;16m▀[38;2;3;7;17;48;2;2;6;15m▆[38;2;3;7;16;48;2;3;7;16m▔[38;2;3;6;17m▅[0m[38;2;3;7;17m█[38;2;3;7;15;48;2;3;7;17m▃[38;2;4;9;15;48;2;3;8;15m▆[48;2;4;9;15m▔[38;2;5;9;16;48;2;5;10;16m▔[38;2;5;10;16m▔[38;2;6;11;17;48;2;6;11;17m▔[48;2;7;12;18m▋[38;2;7;11;18;48;2;11;11;19m▋[0m
[38;2;75;77;64;48;2;19;20;25m▏[38;2;18;18;26;48;2;16;19;26m▏[38;2;16;19;27;48;2;14;17;24m▎[38;2;14;17;24;48;2;13;16;23m▖[0m[38;2;13;16;23m█[38;2;11;15;22;48;2;13;16;23m▝[38;2;12;16;22;48;2;11;15;22m▊[38;2;11;16;22;48;2;12;15;22m▘[38;2;11;14;21;48;2;11;15;22m▀[0m[38;2;10;14;21m█[38;2;11;14;21;48;2;10;13;20m▃[38;2;10;13;20;48;2;10;12;19m▃[38;2;204;58;57;48;2;34;12;17m▐[38;2;195;51;50;48;2;61;13;15m▊[38;2;218;60;57;48;2;32;13;18m▔[38;2;159;42;41;48;2;214;52;51m▗[38;2;196;57;59;48;2;52;15;21m▎[38;2;219;55;57;48;2;21;13;20m▔[38;2;221;56;58;48;2;21;12;19m▔[38;2;221;58;59;48;2;38;14;19m▔[38;2;231;51;47;48;2;197;51;49m▔[38;2;184;54;53;48;2;49;15;20m▎[38;2;204;55;53;48;2;66;18;21m▐[38;2;196;51;51;48;2;28;1;5m▊[38;2;8;5;17;48;2;5;9;15m▎[38;2;4;7;14;48;2;4;8;15m▏[48;2;3;8;14m▋[38;2;3;8;16m▗[38;2;4;9;15m▍[38;2;3;8;13;48;2;2;6;15m▖[38;2;2;7;13;48;2;3;7;15m▝[38;2;36;38;45;48;2;2;6;15m▔[48;2;3;7;14m▔[38;2;2;7;13;48;2;2;7;13m▔[38;2;2;6;16;48;2;2;6;15m▕▁[38;2;2;6;15m▔[38;2;2;5;16m▗[38;2;2;6;16m▅[38;2;2;6;13;48;2;2;5;16m▀[38;2;1;5;15;48;2;2;5;17m▂[38;2;2;6;15;48;2;2;5;15m▁[0m[38;2;1;5;14m█[38;2;2;6;15;48;2;1;5;14m▁[0m[38;2;2;5;15m█[38;2;1;5;14;48;2;2;5;14m▝[38;2;1;4;15;48;2;1;5;14m▗[38;2;1;6;13m▎[38;2;1;4;15m▅[48;2;1;5;15m▞[38;2;1;5;15;48;2;1;4;15m▞[38;2;1;4;15;48;2;1;5;14m▖[38;2;1;5;15m▗▗[0m[38;2;1;5;14m█[38;2;1;5;15;48;2;1;5;14m▅[38;2;1;4;15;48;2;1;4;15m▔[38;2;1;5;15;48;2;1;5;14m▎[38;2;1;5;14m▔[38;2;2;6;17;48;2;1;5;15m▕[38;2;2;6;15;48;2;2;5;14m▆[48;2;2;6;16m▆[38;2;2;6;16;48;2;2;6;15m▀[38;2;3;6;16;48;2;2;6;16m▁[38;2;3;7;17m▃[0m[38;2;2;6;16m█[38;2;3;7;16;48;2;3;7;16m▔[48;2;3;7;17m▘[38;2;3;7;17m▔[38;2;3;7;16;48;2;3;7;16m▔▔[38;2;3;7;17;48;2;3;7;17m▔[38;2;4;7;17;48;2;4;9;15m▎[38;2;5;10;16m▁[0m[38;2;5;10;16m█[48;2;5;10;16m▔[38;2;6;11;17;48;2;6;11;17m▔[38;2;7;12;18m▁[48;2;7;12;18m▔[38;2;8;12;19;48;2;11;12;22m▋[0m
[38;2;166;166;163;48;2;32;33;35m▁[38;2;142;144;147;48;2;21;23;30m▁[38;2;105;106;110;48;2;16;19;26m▁[38;2;184;184;185;48;2;22;24;31m▁[38;2;12;14;21;48;2;13;16;24m▏[38;2;176;176;178;48;2;21;24;30m▁[38;2;90;92;97;48;2;13;16;22m▁[38;2;109;109;112;48;2;12;15;22m▁[38;2;170;170;172;48;2;20;23;29m▁[38;2;57;57;63;48;2;12;14;21m▁[38;2;169;169;170;48;2;19;22;28m▁[38;2;57;59;64;48;2;10;13;21m▁[38;2;170;169;173;48;2;95;38;41m▁[38;2;138;54;55;48;2;26;8;13m▊[38;2;98;97;101;48;2;20;13;18m▁[38;2;187;189;189;48;2;147;47;48m▁[38;2;123;44;47;48;2;19;14;21m▎[38;2;175;176;177;48;2;17;20;26m▁[38;2;70;71;76;48;2;8;11;18m▁[38;2;168;168;171;48;2;28;19;25m▁[38;2;63;50;53;48;2;186;51;51m▃[38;2;102;102;107;48;2;42;17;21m▁[38;2;180;179;180;48;2;93;36;38m▁[38;2;24;15;19;48;2;140;39;39m▃[38;2;181;182;183;48;2;16;18;24m▁[38;2;59;60;66;48;2;5;8;15m▁[38;2;159;160;162;48;2;11;14;21m▁[38;2;103;105;109;48;2;7;10;17m▁[38;2;96;97;101;48;2;4;9;15m▁[38;2;173;173;174;48;2;12;15;22m▁[38;2;35;38;45;48;2;3;7;14m▁[38;2;174;174;177;48;2;13;16;24m▁[38;2;67;69;76;48;2;3;7;15m▁[38;2;142;144;147;48;2;8;11;19m▁[38;2;141;142;145;48;2;7;11;18m▁[38;2;53;55;61;48;2;2;7;14m▁[38;2;184;184;186;48;2;12;15;23m▁[38;2;40;42;48;48;2;2;7;14m▁[38;2;155;156;159;48;2;9;13;19m▁[38;2;106;108;112;48;2;4;8;15m▁[38;2;69;71;76;48;2;2;5;15m▁[38;2;176;176;177;48;2;11;14;22m▁[38;2;28;31;39;48;2;1;5;14m▏[38;2;155;156;159;48;2;8;11;19m▁[38;2;115;116;120;48;2;5;8;17m▁[38;2;70;72;78;48;2;2;6;14m▁[38;2;184;184;187;48;2;10;13;22m▁[38;2;28;31;39;48;2;1;5;14m▏[38;2;166;166;169;48;2;9;12;21m▁[38;2;107;108;112;48;2;2;6;15m▁[38;2;69;71;77;48;2;1;5;14m▁[38;2;175;175;175;48;2;9;13;21m▁[38;2;25;28;37;48;2;1;5;14m▏[38;2;158;158;161;48;2;8;11;19m▁[38;2;114;115;119;48;2;4;7;16m▁[38;2;67;69;75;48;2;1;5;14m▁[38;2;186;186;188;48;2;10;13;22m▁[38;2;28;31;39;48;2;1;5;14m▏[38;2;161;162;165;48;2;10;12;20m▁[38;2;112;115;118;48;2;4;8;16m▁[38;2;63;66;73;48;2;2;6;15m▁[38;2;179;179;181;48;2;11;14;22m▁[38;2;28;31;40;48;2;2;5;15m▏[38;2;157;158;161;48;2;9;12;21m▁[38;2;119;119;123;48;2;6;9;18m▁[38;2;58;60;67;48;2;3;7;16m▁[38;2;179;180;181;48;2;12;15;24m▁[38;2;36;38;45;48;2;3;7;16m▁[38;2;150;151;154;48;2;9;13;21m▁[38;2;118;119;122;48;2;7;11;19m▁[38;2;57;60;66;48;2;3;7;16m▁[38;2;179;179;180;48;2;14;17;23m▁[38;2;42;44;51;48;2;5;10;16m▁[38;2;134;135;138;48;2;8;12;18m▁[38;2;139;139;142;48;2;10;13;20m▁[38;2;50;51;57;48;2;6;11;17m▁[38;2;182;182;183;48;2;16;19;25m▁[38;2;54;55;59;48;2;7;11;17m▁[38;2;165;165;167;48;2;16;20;25m▁[38;2;134;134;137;48;2;15;17;24m▁[0m
[38;2;242;242;242;48;2;72;72;69m▝[38;2;238;239;239;48;2;51;52;56m▘[38;2;180;181;182;48;2;25;27;32m▝[38;2;226;226;226;48;2;44;45;51m▀[38;2;41;42;47;48;2;20;21;28m▕[38;2;220;220;220;48;2;40;42;47m▀[38;2;181;181;182;48;2;20;22;28m▘[38;2;222;222;223;48;2;30;32;39m▝[38;2;193;193;195;48;2;34;36;42m▀[38;2;112;113;116;48;2;19;21;27m▕[38;2;240;240;240;48;2;38;40;45m▀[38;2;104;105;108;48;2;13;15;22m▘[38;2;15;18;24;48;2;177;178;179m▃[38;2;228;229;228;48;2;30;32;37m▘[38;2;191;191;192;48;2;19;21;27m▝[38;2;13;16;23;48;2;199;200;200m▃[38;2;84;86;90;48;2;17;20;25m▕[38;2;240;241;240;48;2;35;38;43m▀[38;2;123;124;126;48;2;12;15;22m▘[38;2;244;244;244;48;2;65;68;73m▝[38;2;231;232;232;48;2;30;32;38m▘[38;2;189;189;191;48;2;16;19;24m▝[38;2;10;14;21;48;2;198;199;200m▃[38;2;70;72;77;48;2;13;15;22m▕[38;2;235;235;236;48;2;35;39;44m▀[38;2;121;122;126;48;2;8;11;19m▘[38;2;243;244;244;48;2;60;62;68m▝[38;2;228;229;230;48;2;26;28;35m▘[38;2;195;196;198;48;2;14;17;26m▝[38;2;216;217;217;48;2;33;35;42m▀[38;2;72;74;81;48;2;10;12;20m▕[38;2;237;237;237;48;2;32;35;42m▀[38;2;127;128;131;48;2;7;10;17m▘[38;2;242;243;243;48;2;48;50;57m▝[48;2;44;47;52m▘[38;2;107;107;113;48;2;7;10;18m▝[38;2;241;242;242;48;2;32;35;42m▀[38;2;103;105;110;48;2;11;13;20m▏[38;2;241;242;242;48;2;60;62;69m▝[38;2;231;232;231;48;2;29;31;39m▘[38;2;125;127;131;48;2;6;9;18m▝[38;2;237;237;238;48;2;28;31;38m▀[38;2;82;84;89;48;2;7;9;17m▏[38;2;242;243;243;48;2;58;60;67m▝[38;2;235;236;237;48;2;33;36;42m▘[38;2;135;135;139;48;2;7;9;17m▝[38;2;238;239;239;48;2;31;33;41m▀[38;2;86;88;93;48;2;7;9;17m▏[38;2;187;187;189;48;2;27;30;39m▀[38;2;226;227;227;48;2;27;29;37m▘[38;2;133;133;137;48;2;7;9;19m▝[38;2;235;235;235;48;2;28;30;38m▀[38;2;77;78;83;48;2;6;8;17m▏[38;2;186;186;188;48;2;24;27;35m▀[38;2;236;236;236;48;2;31;34;40m▘[38;2;131;132;135;48;2;7;10;18m▝[38;2;239;239;239;48;2;31;34;41m▀[38;2;83;86;91;48;2;6;9;17m▏[38;2;242;242;243;48;2;57;60;67m▝[38;2;231;232;231;48;2;30;32;39m▘[38;2;115;117;121;48;2;6;9;19m▝[38;2;237;238;238;48;2;28;30;37m▀[38;2;87;88;94;48;2;8;10;18m▏[38;2;241;241;241;48;2;53;55;61m▝[38;2;234;235;236;48;2;35;37;44m▘[38;2;109;110;115;48;2;7;10;19m▝[38;2;241;241;241;48;2;33;36;43m▀[38;2;99;101;106;48;2;10;13;21m▏[38;2;239;240;239;48;2;49;51;59m▝[38;2;234;235;234;48;2;36;39;45m▘[38;2;91;93;97;48;2;7;10;19m▝[38;2;240;240;241;48;2;33;36;42m▀[38;2;103;104;109;48;2;12;14;22m▏[38;2;238;238;238;48;2;44;46;52m▝[38;2;241;242;242;48;2;47;51;55m▘[38;2;90;92;96;48;2;8;12;18m▝[38;2;241;241;241;48;2;35;38;43m▀[38;2;96;97;100;48;2;11;15;20m▘[38;2;241;242;242;48;2;57;60;65m▝[38;2;238;238;239;48;2;42;44;49m▘[0m
[38;2;92;90;67;48;2;25;25;27m▏[38;2;21;22;27;48;2;20;21;28m▆[38;2;21;21;27;48;2;18;20;26m▎[38;2;18;20;26;48;2;16;19;26m▖[38;2;16;19;26;48;2;15;18;25m▖[38;2;15;18;25;48;2;14;17;24m▃[0m[38;2;14;17;24m█[38;2;13;16;23;48;2;14;17;24m▀[38;2;14;17;24;48;2;13;16;23m▃[38;2;13;16;23m▔[38;2;12;15;22m▀[0m[38;2;12;15;22m█[38;2;11;14;21;48;2;11;14;21m▔[38;2;11;16;22;48;2;10;14;21m▁[38;2;10;14;21;48;2;9;12;19m▆[38;2;9;14;20;48;2;9;13;20m▅[38;2;9;13;19;48;2;8;12;19m▋[38;2;8;12;19;48;2;7;12;18m▊[38;2;7;12;18m▔[38;2;8;13;19m▁[38;2;8;12;19m▖[38;2;6;11;17;48;2;6;11;17m▔▔[48;2;5;10;16m▎▁[38;2;5;10;16;48;2;6;11;16m▀[38;2;5;9;18;48;2;5;9;16m▂[38;2;4;8;18;48;2;4;8;17m▖[38;2;3;7;17m▝[38;2;3;7;16;48;2;3;7;16m▔[38;2;2;6;16;48;2;3;7;17m▎[38;2;3;6;17;48;2;3;7;16m▍[38;2;2;6;15;48;2;3;6;16m▝[38;2;2;6;17;48;2;3;7;16m▎[38;2;3;8;14;48;2;2;6;16m▂[38;2;2;7;15;48;2;3;7;17m▋[38;2;2;6;16m▀[48;2;2;6;15m▎[38;2;2;5;16m▀[38;2;2;6;15;48;2;2;5;16m▍[0m[38;2;2;6;15m██[38;2;2;5;15;48;2;1;5;14m▆[38;2;2;6;15;48;2;2;5;16m▀[38;2;2;5;16;48;2;2;5;15m▗[48;2;2;6;15m▖[38;2;1;5;15m▔[48;2;1;5;14m▊[38;2;1;5;14m▔[38;2;2;5;14;48;2;2;5;15m▖[48;2;2;5;14m▔[48;2;2;6;15m▀[38;2;2;6;15;48;2;2;5;15m▏[38;2;1;5;14;48;2;2;5;16m▀[0m[38;2;2;5;14m█[48;2;1;5;15m▘[38;2;2;6;15;48;2;2;5;15m▔[0m[38;2;2;5;15m█[38;2;2;6;15;48;2;1;5;14m▔[0m[38;2;2;6;15m█[48;2;2;6;16m▎[38;2;3;6;16;48;2;2;6;15m▃[38;2;2;6;15;48;2;3;6;17m▀[38;2;1;5;14m▔[38;2;3;7;17m▅[38;2;3;6;17;48;2;3;7;17m▀[48;2;3;7;16m▍[38;2;4;7;18m▗[38;2;3;7;16m▔[38;2;4;8;15;48;2;3;7;17m▂[38;2;4;8;17;48;2;4;9;15m▔[38;2;4;8;15m▘[38;2;4;9;15;48;2;5;9;17m▋[38;2;5;9;17;48;2;4;9;16m▏[38;2;5;10;16;48;2;5;10;16m▔[48;2;6;11;17m▊[38;2;7;12;18m▐[48;2;8;12;19m▖[38;2;12;13;15;48;2;8;13;20m▁[38;2;10;14;21;48;2;14;14;24m▊[0m
[38;2;77;74;52;48;2;25;25;29m▎[38;2;22;23;28;48;2;22;23;28m▔[38;2;23;23;28;48;2;20;22;27m▎[38;2;17;20;27;48;2;19;21;27m▝[38;2;16;19;26;48;2;17;20;27m▀[38;2;17;20;27;48;2;16;19;26m▅[38;2;16;19;26;48;2;15;18;25m▅▂[38;2;15;18;25;48;2;14;17;24m▁[38;2;13;16;23m▝[38;2;14;17;24;48;2;13;16;23m▃[38;2;13;16;23m▔[38;2;11;14;21;48;2;12;15;22m▔[38;2;11;16;22;48;2;11;15;22m▘[38;2;10;14;21;48;2;11;14;21m▔[38;2;11;14;21;48;2;10;14;20m▁[38;2;10;13;20;48;2;10;13;20m▔[48;2;8;12;19m▆[38;2;9;14;20;48;2;8;13;19m▅[38;2;8;13;19;48;2;7;12;18m▆[38;2;7;12;18;48;2;8;13;19m▀[48;2;6;11;17m▅▂▃[38;2;6;11;17;48;2;5;10;16m▍[38;2;5;10;19m▅[38;2;5;10;17;48;2;5;9;18m▁[38;2;5;9;18;48;2;5;9;17m▎[38;2;5;10;16;48;2;4;8;17m▅[0m[38;2;4;9;16m█[38;2;3;7;17;48;2;3;8;15m▐[38;2;3;8;15;48;2;3;7;17m▁[38;2;4;8;15;48;2;3;7;16m▅[38;2;4;9;15;48;2;3;8;14m▂[38;2;3;8;14m▔[48;2;3;7;16m▏[38;2;3;7;17m▍[0m[38;2;2;7;15m█[38;2;3;8;14;48;2;2;6;14m▅[38;2;3;6;17;48;2;2;6;16m▗[38;2;3;7;16;48;2;2;6;15m▂▗[38;2;2;5;16m▀▍[38;2;2;6;15m▔[48;2;2;6;16m▐[38;2;2;5;15;48;2;2;6;15m▁[48;2;2;5;15m▔[38;2;2;6;13;48;2;2;6;14m▕[38;2;2;6;14;48;2;2;6;15m▖[38;2;1;5;14;48;2;2;5;16m▝[38;2;1;5;15;48;2;2;6;16m▘[38;2;2;6;16m▔[48;2;2;6;15m▝[38;2;2;6;15m▔[38;2;2;6;16;48;2;2;5;16m▖[38;2;2;5;16;48;2;2;6;15m▀[38;2;2;6;15m▔▔[38;2;3;7;16m▃[48;2;2;6;16m▕[38;2;2;6;15m▔[38;2;2;6;16;48;2;3;7;16m▕[38;2;3;6;16m▋[38;2;3;7;17m▍[38;2;4;8;17m▂[38;2;3;7;16;48;2;3;7;17m▍[38;2;4;8;17;48;2;4;7;16m▁[38;2;4;8;15;48;2;4;7;17m▕[38;2;4;8;13;48;2;4;8;15m▁[38;2;4;8;15;48;2;4;9;15m▖[38;2;4;9;15m▔[38;2;6;11;17;48;2;5;10;16m▏[0m[38;2;5;10;16m█[38;2;6;10;17;48;2;5;10;16m▁[38;2;6;11;17m▂[48;2;7;12;18m▍[38;2;11;13;3;48;2;9;12;19m▕[38;2;189;188;165;48;2;40;39;35m▎[38;2;130;128;107;48;2;18;18;18m▍[0m
[38;2;104;101;83;48;2;54;54;49m▃[38;2;73;71;51;48;2;26;27;31m▁[38;2;71;69;51;48;2;24;25;29m▁[38;2;57;56;47;48;2;23;23;31m▂[38;2;69;69;50;48;2;23;23;30m▁[38;2;67;66;50;48;2;21;22;29m▁[38;2;70;67;52;48;2;20;22;29m▁[38;2;68;67;52;48;2;19;22;28m▁[38;2;62;61;49;48;2;18;20;26m▁[38;2;58;57;47;48;2;17;19;25m▁[38;2;57;57;49;48;2;16;19;25m▁[38;2;42;42;39;48;2;14;17;25m▂[38;2;52;50;44;48;2;15;17;24m▁[38;2;53;52;45;48;2;14;17;24m▁[38;2;57;54;47;48;2;14;17;23m▁[38;2;47;46;44;48;2;13;16;23m▂[38;2;47;47;41;48;2;11;14;21m▁[38;2;48;46;41m▁[38;2;53;50;46m▁[38;2;43;43;39;48;2;10;14;21m▁[38;2;47;48;44;48;2;10;14;20m▁[38;2;42;44;40;48;2;8;12;19m▁[38;2;35;37;33;48;2;8;12;18m▁[38;2;34;36;32m▁[38;2;31;34;32;48;2;7;11;17m▁[38;2;30;33;32;48;2;7;11;18m▁[38;2;31;35;37;48;2;6;10;17m▁[38;2;29;36;37m▁[38;2;24;31;32;48;2;5;10;16m▁[38;2;22;27;32;48;2;5;9;16m▁[38;2;25;30;35;48;2;5;10;16m▁[38;2;25;31;34;48;2;4;9;15m▁[38;2;20;25;30m▁[38;2;18;22;27;48;2;4;8;15m▁[38;2;21;25;32;48;2;4;9;16m▁[38;2;14;20;24;48;2;4;8;15m▁[38;2;16;21;28m▁[38;2;14;17;25;48;2;3;8;14m▁[38;2;16;21;26;48;2;3;7;15m▁[38;2;12;16;22;48;2;3;7;16m▁[38;2;12;17;22m▁[38;2;13;17;22;48;2;4;7;15m▁[38;2;13;18;23;48;2;3;7;15m▁[38;2;18;22;27;48;2;2;6;15m▁[38;2;21;25;32;48;2;2;7;14m▁[38;2;7;13;20;48;2;2;6;15m▁[38;2;11;16;24m▁[38;2;11;15;25;48;2;2;5;16m▁[38;2;11;16;23;48;2;2;6;15m▁[38;2;13;16;24;48;2;3;7;16m▁[38;2;11;16;23;48;2;2;6;16m▁[38;2;12;15;23;48;2;2;6;15m▁[48;2;3;7;15m▁[38;2;13;16;25;48;2;2;6;15m▁[38;2;19;22;28m▁[38;2;13;16;21m▁[38;2;22;27;33;48;2;3;7;15m▁[38;2;13;19;24;48;2;2;7;15m▁[48;2;3;7;15m▁[38;2;14;21;27;48;2;3;6;16m▁[38;2;16;21;27;48;2;3;7;16m▁[38;2;20;26;31;48;2;3;7;15m▁[38;2;14;20;26m▁[38;2;13;18;24;48;2;3;8;16m▁[38;2;14;19;23;48;2;4;8;17m▁[38;2;14;19;24m▁[38;2;18;23;29;48;2;4;8;16m▁▁[38;2;19;24;29;48;2;4;8;17m▁[38;2;16;20;25;48;2;5;9;15m▁[38;2;16;22;26;48;2;5;9;16m▁[38;2;19;24;27;48;2;5;10;16m▁▁[38;2;20;24;27;48;2;6;10;17m▁[38;2;22;27;30;48;2;6;11;17m▁[38;2;29;36;38;48;2;7;11;17m▁[38;2;32;35;38;48;2;8;12;18m▁[38;2;38;39;38;48;2;10;13;18m▁[38;2;125;122;103;48;2;37;37;36m▘[38;2;116;114;90;48;2;33;32;34m▘[0m
[?25h